4
9.58599e-08,9.75831e-08,9.59547e-08,9.76762e-08
-97.18,-102.525,-104.494,-109.714
0,3.14159,3.14159,6.28319
96.9905,102.828,96.9836,102.816
342.149,342.149,17.7891,17.7891
83.0095,102.828,83.0164,102.816
162.149,162.149,161.97,161.97
4
7.323e-08,7.54716e-08,7.33542e-08,7.55921e-08
-94.841,-101.769,-104.347,-111.016
0,3.14159,3.14159,6.28319
99.1672,106.683,99.1515,106.656
336.206,336.206,23.7789,23.7789
80.8328,106.683,80.8485,106.656
156.206,156.206,155.98,155.98
5
5.22348e-08,5.53336e-08,5.24091e-08,5.54982e-08,7.37568e-08
-91.9064,-101.505,-105.481,-114.285,-129.869
0,3.14159,3.14159,6.28319,6.28319
102.906,113.052,102.862,112.98,99.1011
325.051,325.051,34.9955,34.9955,313.358
77.0941,113.052,77.1378,112.98,80.8989
145.051,145.051,144.764,144.764,310.138
8
3.58702e-08,4.02493e-08,4.21424e-08,3.6124e-08,4.04757e-08,4.59273e-08,4.24138e-08,1.07039e-07
-88.6419,-102.466,-115.786,-111.539,-121.464,-123.751,-142.285,-185.483
0,3.14159,3.14159,3.14159,6.28319,6.28319,6.28319,6.28319
108.981,122.569,106.072,108.842,122.364,118.149,105.966,96.2574
300.698,300.698,295.117,59.329,59.329,295.117,64.8289,280.174
71.0195,122.569,73.9283,71.1579,122.364,118.149,74.034,83.7426
120.698,120.698,242.935,120.43,120.43,242.935,243.122,98.776
9
3.22058e-08,3.70209e-08,4.85951e-08,3.24888e-08,3.72673e-08,1.14292e-07,5.19117e-08,4.88949e-08,1.06116e-07
-87.7059,-103.065,-128.027,-117.241,-124.808,-146.792,-130.392,-165.445,-199.446
0,3.14159,3.14159,3.14159,6.28319,6.28319,6.28319,6.28319,6.28319
111.239,125.821,103.891,111.045,125.548,95.8589,114.669,103.804,96.312
256.319,256.319,261.561,103.302,103.302,259.531,261.561,98.1441,266.948
68.7614,125.821,76.1088,68.9552,125.548,84.1411,114.669,76.1957,83.688
76.3187,76.3187,279.597,76.4569,76.4569,260.253,279.597,279.542,85.5503
4
4.44984e-08,4.80982e-08,4.4704e-08,4.82885e-08
-90.5141,-101.725,-107.088,-116.824
0,3.14159,3.14159,6.28319
105.2,116.774,105.128,116.66
222.782,222.782,136.674,136.674
74.8004,116.774,74.872,116.66
42.7823,42.7823,43.0857,43.0857
5
6.41509e-08,6.66984e-08,6.4294e-08,6.6836e-08,1.6111e-07
-93.6913,-101.563,-104.653,-112.129,-167.086
0,3.14159,3.14159,6.28319,6.28319
100.478,108.956,100.455,108.916,94.1527
207.54,207.54,151.969,151.969,248.581
79.5217,108.956,79.5453,108.916,85.8473
27.54,27.54,27.7904,27.7904,69.796
8
8.62724e-08,8.81831e-08,9.03852e-08,8.6379e-08,8.82874e-08,9.22107e-08,9.05238e-08,1.65538e-07
-96.2647,-102.181,-106.987,-104.449,-110.201,-112.486,-117.654,-154.678
0,3.14159,3.14159,3.14159,6.28319,6.28319,6.28319,6.28319
97.772,104.223,97.4163,97.7623,104.206,103.59,97.4048,94.0414
199.951,199.951,206.414,159.613,159.613,206.414,153.167,241.506
82.228,104.223,82.5837,82.2377,104.206,103.59,82.5952,85.9586
19.9507,19.9507,334.422,20.1468,20.1468,334.422,334.244,60.4858
