7
5.66676e-08,6.33342e-08,6.33342e-08,8.22874e-08,5.72296e-08,5.70974e-08,5.79243e-08
-92.6139,-100.48,-100.48,-106.554,-101.97,-103.48,-102.474
0,3.14159,3.14159,3.14159,3.14159,3.14159,3.14159
90,90,90,90,98.0356,90,78.0436
89.663,270.302,89.6984,136.477,89.663,82.958,89.663
90,90,90,90,98.0356,90,78.0436
269.663,269.698,90.3016,223.523,269.663,277.042,269.663
7
5.58343e-08,6.25009e-08,6.41675e-08,8.17158e-08,5.64045e-08,5.62704e-08,5.71093e-08
-92.4852,-100.365,-100.594,-106.493,-101.844,-103.353,-102.351
0,3.14159,3.14159,3.14159,3.14159,3.14159,3.14159
90,90,90,90,98.1539,90,77.8704
89.6579,270.306,89.7024,136.901,89.6579,82.8539,89.6579
90,90,90,90,98.1539,90,77.8704
269.658,269.694,90.2976,223.099,269.658,277.146,269.658
7
5.5001e-08,6.16676e-08,6.50009e-08,8.11487e-08,5.55798e-08,5.54437e-08,5.62949e-08
-92.3546,-100.248,-100.706,-106.433,-101.716,-103.224,-102.227
0,3.14159,3.14159,3.14159,3.14159,3.14159,3.14159
90,90,90,90,98.2757,90,77.6922
89.6528,270.31,89.7062,137.331,89.6528,82.7468,89.6528
90,90,90,90,98.2757,90,77.6922
269.653,269.69,90.2938,222.669,269.653,277.253,269.653
7
5.41677e-08,6.08342e-08,6.58342e-08,8.05862e-08,5.47553e-08,5.46171e-08,5.5481e-08
-92.222,-100.13,-100.816,-106.372,-101.586,-103.094,-102.1
0,3.14159,3.14159,3.14159,3.14159,3.14159,3.14159
90,90,90,90,98.4013,90,77.5088
89.6474,270.314,89.7099,137.766,89.6474,82.6364,89.6474
90,90,90,90,98.4013,90,77.5088
269.647,269.686,90.2901,222.234,269.647,277.364,269.647
7
5.33344e-08,6.00009e-08,6.66675e-08,8.00285e-08,5.3931e-08,5.37907e-08,5.46677e-08
-92.0874,-100.01,-100.926,-106.312,-101.454,-102.961,-101.972
0,3.14159,3.14159,3.14159,3.14159,3.14159,3.14159
90,90,90,90,98.5306,90,77.3199
89.6419,270.318,89.7135,138.208,89.6419,82.5227,89.6419
90,90,90,90,98.5306,90,77.3199
269.642,269.682,90.2865,221.792,269.642,277.477,269.642
7
5.25011e-08,5.91676e-08,6.75008e-08,7.94755e-08,5.31071e-08,5.29646e-08,5.3855e-08
-91.9506,-99.8889,-101.033,-106.252,-101.32,-102.827,-101.842
0,3.14159,3.14159,3.14159,3.14159,3.14159,3.14159
90,90,90,90,98.664,90,77.1252
89.6362,270.323,89.7171,138.656,89.6362,82.4054,89.6362
90,90,90,90,98.664,90,77.1252
269.636,269.677,90.2829,221.344,269.636,277.595,269.636
7
5.16677e-08,5.83343e-08,6.83341e-08,7.89275e-08,5.22834e-08,5.21387e-08,5.3043e-08
-91.8116,-99.7657,-101.14,-106.192,-101.185,-102.69,-101.71
0,3.14159,3.14159,3.14159,3.14159,3.14159,3.14159
90,90,90,90,98.8015,90,76.9247
89.6304,270.327,89.7205,139.11,89.6304,82.2843,89.6304
90,90,90,90,98.8015,90,76.9247
269.63,269.673,90.2795,220.89,269.63,277.716,269.63
7
5.08344e-08,5.7501e-08,6.91675e-08,7.83846e-08,5.14601e-08,5.1313e-08,5.22316e-08
-91.6704,-99.6407,-101.245,-106.132,-101.047,-102.552,-101.576
0,3.14159,3.14159,3.14159,3.14159,3.14159,3.14159
90,90,90,90,98.9435,90,76.7179
89.6243,270.332,89.7239,139.57,89.6243,82.1594,89.6243
90,90,90,90,98.9435,90,76.7179
269.624,269.668,90.2761,220.43,269.624,277.841,269.624
7
5.00011e-08,5.66676e-08,7.00008e-08,7.78467e-08,5.06371e-08,5.04876e-08,5.14209e-08
-91.5268,-99.5139,-101.349,-106.072,-100.907,-102.411,-101.44
0,3.14159,3.14159,3.14159,3.14159,3.14159,3.14159
90,90,90,90,99.0901,90,76.5046
89.618,270.337,89.7272,140.037,89.618,82.0304,89.618
90,90,90,90,99.0901,90,76.5046
269.618,269.663,90.2728,219.963,269.618,277.97,269.618
7
4.91678e-08,5.58343e-08,7.08341e-08,7.73141e-08,4.98144e-08,4.96625e-08,5.0611e-08
-91.3808,-99.3852,-101.452,-106.012,-100.764,-102.268,-101.302
0,3.14159,3.14159,3.14159,3.14159,3.14159,3.14159
90,90,90,90,99.2415,90,76.2844
89.6116,270.342,89.7304,140.511,89.6116,81.8971,89.6116
90,90,90,90,99.2415,90,76.2844
269.612,269.658,90.2696,219.489,269.612,278.103,269.612
7
4.83345e-08,5.5001e-08,7.16674e-08,7.67869e-08,4.89921e-08,4.88376e-08,4.98018e-08
-91.2324,-99.2546,-101.554,-105.953,-100.62,-102.122,-101.162
0,3.14159,3.14159,3.14159,3.14159,3.14159,3.14159
90,90,90,90,99.398,90,76.0571
89.6049,270.347,89.7335,140.991,89.6049,81.7593,89.6049
90,90,90,90,99.398,90,76.0571
269.605,269.653,90.2665,219.009,269.605,278.241,269.605
7
4.75012e-08,5.41677e-08,7.25008e-08,7.62651e-08,4.81701e-08,4.8013e-08,4.89935e-08
-91.0813,-99.122,-101.654,-105.894,-100.473,-101.974,-101.02
0,3.14159,3.14159,3.14159,3.14159,3.14159,3.14159
90,90,90,90,99.5599,90,75.8223
89.5979,270.353,89.7366,141.477,89.5979,81.6168,89.5979
90,90,90,90,99.5599,90,75.8223
269.598,269.647,90.2634,218.523,269.598,278.383,269.598
7
4.66679e-08,5.33344e-08,7.33341e-08,7.57489e-08,4.73486e-08,4.71887e-08,4.8186e-08
-90.9276,-98.9874,-101.753,-105.835,-100.323,-101.824,-100.876
0,3.14159,3.14159,3.14159,3.14159,3.14159,3.14159
90,90,90,90,99.7273,90,75.5796
89.5908,270.358,89.7396,141.97,89.5908,81.4692,89.5908
90,90,90,90,99.7273,90,75.5796
269.591,269.642,90.2604,218.03,269.591,278.531,269.591
7
4.58345e-08,5.25011e-08,7.41674e-08,7.52383e-08,4.65275e-08,4.63648e-08,4.73794e-08
-90.7711,-98.8506,-101.851,-105.776,-100.171,-101.671,-100.729
0,3.14159,3.14159,3.14159,3.14159,3.14159,3.14159
90,90,90,90,99.9007,90,75.3286
89.5833,270.364,89.7425,142.47,89.5833,81.3165,89.5833
90,90,90,90,99.9007,90,75.3286
269.583,269.636,90.2575,217.53,269.583,278.684,269.583
7
4.50012e-08,5.16677e-08,7.50007e-08,7.47336e-08,4.57068e-08,4.55412e-08,4.65737e-08
-90.6117,-98.7116,-101.949,-105.718,-100.017,-101.515,-100.58
0,3.14159,3.14159,3.14159,3.14159,3.14159,3.14159
90,90,90,90,100.08,90,75.069
89.5756,270.37,89.7454,142.977,89.5756,81.1582,89.5756
90,90,90,90,100.08,90,75.069
269.576,269.63,90.2546,217.023,269.576,278.842,269.576
7
4.41679e-08,5.08344e-08,7.58341e-08,7.42348e-08,4.48866e-08,4.47179e-08,4.5769e-08
-90.4494,-98.5704,-102.045,-105.659,-99.8596,-101.357,-100.429
0,3.14159,3.14159,3.14159,3.14159,3.14159,3.14159
90,90,90,90,100.267,90,74.8002
89.5676,270.376,89.7482,143.49,89.5676,80.9941,89.5676
90,90,90,90,100.267,90,74.8002
269.568,269.624,90.2518,216.51,269.568,279.006,269.568
7
4.33346e-08,5.00011e-08,7.66674e-08,7.3742e-08,4.40669e-08,4.38951e-08,4.49654e-08
-90.2839,-98.4268,-102.139,-105.602,-99.6995,-101.196,-100.275
0,3.14159,3.14159,3.14159,3.14159,3.14159,3.14159
90,90,90,90,100.46,90,74.5218
89.5593,270.382,89.7509,144.011,89.5593,80.8238,89.5593
90,90,90,90,100.46,90,74.5218
269.559,269.618,90.2491,215.989,269.559,279.176,269.559
7
4.25013e-08,4.91678e-08,7.75007e-08,7.32555e-08,4.32477e-08,4.30726e-08,4.41629e-08
-90.1153,-98.2808,-102.233,-105.544,-99.5365,-101.031,-100.118
0,3.14159,3.14159,3.14159,3.14159,3.14159,3.14159
90,90,90,90,100.66,90,74.2333
89.5506,270.388,89.7536,144.538,89.5506,80.647,89.5506
90,90,90,90,100.66,90,74.2333
269.551,269.612,90.2464,215.462,269.551,279.353,269.551
7
4.1668e-08,4.83345e-08,7.8334e-08,7.27751e-08,4.2429e-08,4.22506e-08,4.33615e-08
-89.9433,-98.1324,-102.326,-105.487,-99.3705,-100.864,-99.9593
0,3.14159,3.14159,3.14159,3.14159,3.14159,3.14159
90,90,90,90,100.868,90,73.9341
89.5416,270.395,89.7562,145.072,89.5416,80.4634,89.5416
90,90,90,90,100.868,90,73.9341
269.542,269.605,90.2438,214.928,269.542,279.537,269.542
7
4.08347e-08,4.75012e-08,7.91674e-08,7.23013e-08,4.1611e-08,4.1429e-08,4.25614e-08
-89.7678,-97.9813,-102.418,-105.43,-99.2014,-100.693,-99.7975
0,3.14159,3.14159,3.14159,3.14159,3.14159,3.14159
90,90,90,90,101.085,90,73.6236
89.5323,270.402,89.7588,145.614,89.5323,80.2724,89.5323
90,90,90,90,101.085,90,73.6236
269.532,269.598,90.2412,214.386,269.532,279.728,269.532
7
4.00014e-08,4.66679e-08,8.00007e-08,7.18339e-08,4.07935e-08,4.06079e-08,4.17626e-08
-89.5887,-97.8276,-102.509,-105.374,-99.029,-100.519,-99.633
0,3.14159,3.14159,3.14159,3.14159,3.14159,3.14159
90,90,90,90,101.31,90,73.3013
89.5225,270.409,89.7613,146.162,89.5225,80.0738,89.5225
90,90,90,90,101.31,90,73.3013
269.523,269.591,90.2387,213.838,269.523,279.926,269.523
7
3.91681e-08,4.58345e-08,8.0834e-08,7.13732e-08,3.99767e-08,3.97873e-08,4.09651e-08
-89.4059,-97.6711,-102.599,-105.318,-98.8534,-100.342,-99.4655
0,3.14159,3.14159,3.14159,3.14159,3.14159,3.14159
90,90,90,90,101.544,90,72.9664
89.5124,270.417,89.7637,146.718,89.5124,79.8669,89.5124
90,90,90,90,101.544,90,72.9664
269.512,269.583,90.2363,213.282,269.512,280.133,269.512
7
3.83348e-08,4.50012e-08,8.16673e-08,7.09194e-08,3.91606e-08,3.89672e-08,4.01691e-08
-89.2191,-97.5117,-102.688,-105.263,-98.6742,-100.161,-99.2951
0,3.14159,3.14159,3.14159,3.14159,3.14159,3.14159
90,90,90,90,101.788,90,72.6182
89.5018,270.424,89.7661,147.281,89.5018,79.6513,89.5018
90,90,90,90,101.788,90,72.6182
269.502,269.576,90.2339,212.719,269.502,280.349,269.502
7
3.75015e-08,4.41679e-08,8.25007e-08,7.04724e-08,3.83453e-08,3.81477e-08,3.93746e-08
-89.0282,-97.3494,-102.776,-105.208,-98.4915,-99.9766,-99.1216
0,3.14159,3.14159,3.14159,3.14159,3.14159,3.14159
90,90,90,90,102.042,90,72.256
89.4907,270.432,89.7685,147.851,89.4907,79.4265,89.4907
90,90,90,90,102.042,90,72.256
269.491,269.568,90.2315,212.149,269.491,280.574,269.491
7
3.66682e-08,4.33346e-08,8.3334e-08,7.00325e-08,3.75307e-08,3.73289e-08,3.85818e-08
-88.833,-97.1839,-102.864,-105.153,-98.305,-99.7881,-98.9449
0,3.14159,3.14159,3.14159,3.14159,3.14159,3.14159
90,90,90,90,102.308,90,71.8788
89.4791,270.441,89.7708,148.428,89.4791,79.1918,89.4791
90,90,90,90,102.308,90,71.8788
269.479,269.559,90.2292,211.572,269.479,280.808,269.479
7
3.58349e-08,4.25013e-08,8.41673e-08,6.95998e-08,3.6717e-08,3.65107e-08,3.77907e-08
-88.6333,-97.0153,-102.95,-105.099,-98.1146,-99.5956,-98.7649
0,3.14159,3.14159,3.14159,3.14159,3.14159,3.14159
90,90,90,90,102.585,90,71.4859
89.467,270.449,89.7731,149.013,89.467,78.9465,89.467
90,90,90,90,102.585,90,71.4859
269.467,269.551,90.2269,210.987,269.467,281.053,269.467
7
3.50016e-08,4.1668e-08,8.50007e-08,6.91745e-08,3.59042e-08,3.56931e-08,3.70015e-08
-88.429,-96.8433,-103.036,-105.046,-97.9201,-99.3989,-98.5816
0,3.14159,3.14159,3.14159,3.14159,3.14159,3.14159
90,90,90,90,102.874,90,71.0762
89.4543,270.458,89.7753,149.604,89.4543,78.6901,89.4543
90,90,90,90,102.874,90,71.0762
269.454,269.542,90.2247,210.396,269.454,281.31,269.454
7
3.41683e-08,4.08347e-08,8.5834e-08,6.87566e-08,3.50923e-08,3.48764e-08,3.62143e-08
-88.2197,-96.6678,-103.12,-104.994,-97.7215,-99.1978,-98.3948
0,3.14159,3.14159,3.14159,3.14159,3.14159,3.14159
90,90,90,90,103.178,90,70.6486
89.441,270.468,89.7775,150.203,89.441,78.4216,89.441
90,90,90,90,103.178,90,70.6486
269.441,269.532,90.2225,209.797,269.441,281.578,269.441
7
3.3335e-08,4.00014e-08,8.66673e-08,6.83463e-08,3.42815e-08,3.40604e-08,3.54291e-08
-88.0052,-96.4887,-103.204,-104.942,-97.5184,-98.9922,-98.2044
0,3.14159,3.14159,3.14159,3.14159,3.14159,3.14159
90,90,90,90,103.495,90,70.202
89.4271,270.477,89.7796,150.81,89.4271,78.1402,89.4271
90,90,90,90,103.495,90,70.202
269.427,269.523,90.2204,209.19,269.427,281.86,269.427
7
3.25017e-08,3.91681e-08,8.75006e-08,6.79438e-08,3.34718e-08,3.32453e-08,3.46462e-08
-87.7853,-96.3059,-103.287,-104.89,-97.3108,-98.7818,-98.0103
0,3.14159,3.14159,3.14159,3.14159,3.14159,3.14159
90,90,90,90,103.828,90,69.7353
89.4124,270.488,89.7817,151.423,89.4124,77.8451,89.4124
90,90,90,90,103.828,90,69.7353
269.412,269.512,90.2183,208.577,269.412,282.155,269.412
7
3.16684e-08,3.83348e-08,8.8334e-08,6.75492e-08,3.26633e-08,3.24311e-08,3.38657e-08
-87.5598,-96.1191,-103.37,-104.84,-97.0984,-98.5665,-97.8124
0,3.14159,3.14159,3.14159,3.14159,3.14159,3.14159
90,90,90,90,104.177,90,69.247
89.3969,270.498,89.7838,152.044,89.3969,77.5351,89.3969
90,90,90,90,104.177,90,69.247
269.397,269.502,90.2162,207.956,269.397,282.465,269.397
7
3.08351e-08,3.75015e-08,8.91673e-08,6.71625e-08,3.1856e-08,3.16179e-08,3.30878e-08
-87.3281,-95.9282,-103.451,-104.79,-96.8811,-98.3459,-97.6106
0,3.14159,3.14159,3.14159,3.14159,3.14159,3.14159
90,90,90,90,104.544,90,68.7357
89.3806,270.509,89.7858,152.672,89.3806,77.2091,89.3806
90,90,90,90,104.544,90,68.7357
269.381,269.491,90.2142,207.328,269.381,282.791,269.381
7
3.00019e-08,3.66682e-08,9.00006e-08,6.67841e-08,3.10501e-08,3.08058e-08,3.23127e-08
-87.0902,-95.733,-103.532,-104.741,-96.6585,-98.1199,-97.4047
0,3.14159,3.14159,3.14159,3.14159,3.14159,3.14159
90,90,90,90,104.931,90,68.1998
89.3634,270.521,89.7878,153.307,89.3634,76.866,89.3634
90,90,90,90,104.931,90,68.1998
269.363,269.479,90.2122,206.693,269.363,283.134,269.363
7
2.91686e-08,3.58349e-08,9.08339e-08,6.64139e-08,3.02458e-08,2.99949e-08,3.15405e-08
-86.8455,-95.5333,-103.612,-104.692,-96.4305,-97.8882,-97.1946
0,3.14159,3.14159,3.14159,3.14159,3.14159,3.14159
90,90,90,90,105.337,90,67.6377
89.3452,270.533,89.7897,153.949,89.3452,76.5043,89.3452
90,90,90,90,105.337,90,67.6377
269.345,269.467,90.2103,206.051,269.345,283.496,269.345
7
2.83353e-08,3.50016e-08,9.16673e-08,6.60522e-08,2.9443e-08,2.91852e-08,3.07716e-08
-86.5938,-95.329,-103.692,-104.645,-96.1969,-97.6505,-96.9802
0,3.14159,3.14159,3.14159,3.14159,3.14159,3.14159
90,90,90,90,105.766,90,67.0473
89.326,270.546,89.7917,154.599,89.326,76.1225,89.326
90,90,90,90,105.766,90,67.0473
269.326,269.454,90.2083,205.401,269.326,283.878,269.326
7
2.7502e-08,3.41683e-08,9.25006e-08,6.5699e-08,2.86419e-08,2.83769e-08,3.0006e-08
-86.3345,-95.1197,-103.77,-104.598,-95.9573,-97.4065,-96.7614
0,3.14159,3.14159,3.14159,3.14159,3.14159,3.14159
90,90,90,90,106.219,90,66.4268
89.3055,270.559,89.7935,155.255,89.3055,75.7189,89.3055
90,90,90,90,106.219,90,66.4268
269.306,269.441,90.2065,204.745,269.306,284.281,269.306
7
2.66687e-08,3.3335e-08,9.33339e-08,6.53546e-08,2.78428e-08,2.75701e-08,2.92442e-08
-86.0673,-94.9052,-103.848,-104.553,-95.7115,-97.156,-96.538
0,3.14159,3.14159,3.14159,3.14159,3.14159,3.14159
90,90,90,90,106.698,90,65.7739
89.2838,270.573,89.7954,155.919,89.2838,75.2917,89.2838
90,90,90,90,106.698,90,65.7739
269.284,269.427,90.2046,204.081,269.284,284.708,269.284
7
2.58355e-08,3.25017e-08,9.41673e-08,6.5019e-08,2.70457e-08,2.67649e-08,2.84864e-08
-85.7916,-94.6853,-103.925,-104.508,-95.4592,-96.8985,-96.31
0,3.14159,3.14159,3.14159,3.14159,3.14159,3.14159
90,90,90,90,107.205,90,65.0862
89.2607,270.588,89.7972,156.589,89.2607,74.8388,89.2607
90,90,90,90,107.205,90,65.0862
269.261,269.412,90.2028,203.411,269.261,285.161,269.261
7
2.50022e-08,3.16684e-08,9.50006e-08,6.46924e-08,2.62509e-08,2.59615e-08,2.77329e-08
-85.5068,-94.4598,-104.002,-104.464,-95.2001,-96.6338,-96.0771
0,3.14159,3.14159,3.14159,3.14159,3.14159,3.14159
90,90,90,90,107.743,90,64.361
89.2361,270.603,89.799,157.267,89.2361,74.3578,89.2361
90,90,90,90,107.743,90,64.361
269.236,269.397,90.201,202.733,269.236,285.642,269.236
7
2.4169e-08,3.08351e-08,9.58339e-08,6.4375e-08,2.54586e-08,2.516e-08,2.6984e-08
-85.2124,-94.2281,-104.078,-104.422,-94.9339,-96.3614,-95.8394
0,3.14159,3.14159,3.14159,3.14159,3.14159,3.14159
90,90,90,90,108.315,90,63.5954
89.2098,270.619,89.8007,157.951,89.2098,73.8461,89.2098
90,90,90,90,108.315,90,63.5954
269.21,269.381,90.1993,202.049,269.21,286.154,269.21
7
2.33357e-08,3.00019e-08,9.66672e-08,6.40668e-08,2.46689e-08,2.43607e-08,2.62403e-08
-84.9076,-93.9902,-104.153,-104.38,-94.6602,-96.081,-95.5966
0,3.14159,3.14159,3.14159,3.14159,3.14159,3.14159
90,90,90,90,108.923,90,62.7863
89.1815,270.637,89.8024,158.641,89.1815,73.3008,89.1815
90,90,90,90,108.923,90,62.7863
269.182,269.363,90.1976,201.359,269.182,286.699,269.182
7
2.25025e-08,2.91686e-08,9.75006e-08,6.3768e-08,2.38822e-08,2.35637e-08,2.55022e-08
-84.5918,-93.7455,-104.227,-104.339,-94.3787,-95.7921,-95.3488
0,3.14159,3.14159,3.14159,3.14159,3.14159,3.14159
90,90,90,90,109.571,90,61.9301
89.1512,270.655,89.8041,159.339,89.1512,72.7185,89.1512
90,90,90,90,109.571,90,61.9301
269.151,269.345,90.1959,200.661,269.151,287.281,269.151
7
2.16692e-08,2.83353e-08,9.83339e-08,6.34788e-08,2.30988e-08,2.27694e-08,2.47701e-08
-84.2641,-93.4938,-104.301,-104.3,-94.089,-95.4942,-95.0958
0,3.14159,3.14159,3.14159,3.14159,3.14159,3.14159
90,90,90,90,110.263,90,61.0232
89.1186,270.674,89.8058,160.043,89.1186,72.0956,89.1186
90,90,90,90,110.263,90,61.0232
269.119,269.326,90.1942,199.957,269.119,287.904,269.119
7
2.0836e-08,2.7502e-08,9.91672e-08,6.31992e-08,2.2319e-08,2.19779e-08,2.40445e-08
-83.9235,-93.2345,-104.375,-104.261,-93.7907,-95.1869,-94.8375
0,3.14159,3.14159,3.14159,3.14159,3.14159,3.14159
90,90,90,90,111.004,90,60.0612
89.0833,270.694,89.8074,160.753,89.0833,71.4277,89.0833
90,90,90,90,111.004,90,60.0612
269.083,269.306,90.1926,199.247,269.083,288.572,269.083
7
2.00028e-08,2.66687e-08,1.00001e-07,6.29294e-08,2.15432e-08,2.11896e-08,2.33262e-08
-83.569,-92.9673,-104.447,-104.224,-93.4834,-94.8697,-94.5741
0,3.14159,3.14159,3.14159,3.14159,3.14159,3.14159
90,90,90,90,111.799,90,59.0398
89.0452,270.716,89.809,161.469,89.0452,70.71,89.0452
90,90,90,90,111.799,90,59.0398
269.045,269.284,90.191,198.531,269.045,289.29,269.045
7
1.91696e-08,2.58355e-08,1.00834e-07,6.26695e-08,2.07719e-08,2.04049e-08,2.26158e-08
-83.1995,-92.6916,-104.519,-104.188,-93.1668,-94.5419,-94.3054
0,3.14159,3.14159,3.14159,3.14159,3.14159,3.14159
90,90,90,90,112.652,90,57.9538
89.0037,270.739,89.8106,162.191,89.0037,69.9369,89.0037
90,90,90,90,112.652,90,57.9538
269.004,269.261,90.1894,197.809,269.004,290.063,269.004
7
1.83364e-08,2.50022e-08,1.01667e-07,6.24197e-08,2.00056e-08,1.96242e-08,2.1914e-08
-82.8135,-92.4068,-104.591,-104.154,-92.8402,-94.2031,-94.0316
0,3.14159,3.14159,3.14159,3.14159,3.14159,3.14159
90,90,90,90,113.571,90,56.7978
88.9584,270.764,89.8121,162.92,88.9584,69.1022,88.9584
90,90,90,90,113.571,90,56.7978
268.958,269.236,90.1879,197.08,268.958,290.898,268.958
7
1.75032e-08,2.4169e-08,1.02501e-07,6.21801e-08,1.92448e-08,1.88481e-08,2.12217e-08
-82.4096,-92.1124,-104.662,-104.12,-92.5035,-93.8526,-93.7528
0,3.14159,3.14159,3.14159,3.14159,3.14159,3.14159
90,90,90,90,114.563,90,55.5659
88.9088,270.79,89.8137,163.654,88.9088,68.1986,88.9088
90,90,90,90,114.563,90,55.5659
268.909,269.21,90.1863,196.346,268.909,291.801,268.909
7
1.667e-08,2.33357e-08,1.03334e-07,6.19507e-08,1.84902e-08,1.8077e-08,2.05399e-08
-81.9859,-91.8076,-104.732,-104.088,-92.1561,-93.4897,-93.4692
0,3.14159,3.14159,3.14159,3.14159,3.14159,3.14159
90,90,90,90,115.637,90,54.2515
88.8542,270.818,89.8152,164.393,88.8542,67.2176,88.8542
90,90,90,90,115.637,90,54.2515
268.854,269.182,90.1848,195.607,268.854,292.782,268.854
7
1.58368e-08,2.25025e-08,1.04167e-07,6.17317e-08,1.77428e-08,1.73117e-08,1.98697e-08
-81.5406,-91.4918,-104.802,-104.057,-91.7976,-93.114,-93.1811
0,3.14159,3.14159,3.14159,3.14159,3.14159,3.14159
90,90,90,90,116.801,90,52.8478
88.794,270.849,89.8167,165.138,88.794,66.1495,88.794
90,90,90,90,116.801,90,52.8478
268.794,269.151,90.1833,194.862,268.794,293.85,268.794
7
1.50037e-08,2.16692e-08,1.05001e-07,6.15233e-08,1.70033e-08,1.65529e-08,1.92123e-08
-81.0712,-91.1641,-104.871,-104.028,-91.4279,-92.7247,-92.8888
0,3.14159,3.14159,3.14159,3.14159,3.14159,3.14159
90,90,90,90,118.067,90,51.3471
88.727,270.881,89.8181,165.888,88.727,64.9831,88.727
90,90,90,90,118.067,90,51.3471
268.727,269.119,90.1819,194.112,268.727,295.017,268.727
7
1.41706e-08,2.0836e-08,1.05834e-07,6.13254e-08,1.62728e-08,1.58017e-08,1.85689e-08
-80.575,-90.8235,-104.94,-104,-91.0465,-92.3213,-92.593
0,3.14159,3.14159,3.14159,3.14159,3.14159,3.14159
90,90,90,90,119.447,90,49.7413
88.6521,270.917,89.8195,166.644,88.6521,63.7052,88.6521
90,90,90,90,119.447,90,49.7413
268.652,269.083,90.1805,193.356,268.652,296.295,268.652
7
1.33375e-08,2.00028e-08,1.06667e-07,6.11383e-08,1.55528e-08,1.50591e-08,1.79413e-08
-80.0487,-90.469,-105.008,-103.973,-90.6534,-91.9032,-92.2943
0,3.14159,3.14159,3.14159,3.14159,3.14159,3.14159
90,90,90,90,120.956,90,48.0217
88.5679,270.955,89.821,167.403,88.5679,62.3005,88.5679
90,90,90,90,120.956,90,48.0217
268.568,269.045,90.179,192.597,268.568,297.699,268.568
7
1.25044e-08,1.91696e-08,1.07501e-07,6.0962e-08,1.48446e-08,1.43265e-08,1.73309e-08
-79.4885,-90.0995,-105.075,-103.948,-90.2486,-91.4701,-91.9937
0,3.14159,3.14159,3.14159,3.14159,3.14159,3.14159
90,90,90,90,122.61,90,46.1793
88.4725,270.996,89.8223,168.168,88.4725,60.7512,88.4725
90,90,90,90,122.61,90,46.1793
268.472,269.004,90.1777,191.832,268.472,299.249,268.472
7
1.16714e-08,1.83364e-08,1.08334e-07,6.07966e-08,1.415e-08,1.36056e-08,1.67398e-08
-78.8897,-89.7135,-105.143,-103.925,-89.8323,-91.0215,-91.6922
0,3.14159,3.14159,3.14159,3.14159,3.14159,3.14159
90,90,90,90,124.428,90,44.2048
88.3634,271.042,89.8237,168.936,88.3634,59.0362,88.3634
90,90,90,90,124.428,90,44.2048
268.363,268.958,90.1763,191.064,268.363,300.964,268.363
7
1.08385e-08,1.75032e-08,1.09167e-07,6.06422e-08,1.34712e-08,1.28981e-08,1.61701e-08
-78.2466,-89.3096,-105.209,-103.903,-89.4053,-90.5577,-91.3915
0,3.14159,3.14159,3.14159,3.14159,3.14159,3.14159
90,90,90,90,126.431,90,42.0885
88.2376,271.091,89.8251,169.709,88.2376,57.1313,88.2376
90,90,90,90,126.431,90,42.0885
268.238,268.909,90.1749,190.291,268.238,302.869,268.238
7
1.00056e-08,1.667e-08,1.10001e-07,6.04989e-08,1.28106e-08,1.22066e-08,1.56241e-08
-77.552,-88.8859,-105.275,-103.882,-88.9686,-90.0791,-91.0931
0,3.14159,3.14159,3.14159,3.14159,3.14159,3.14159
90,90,90,90,128.644,90,39.8212
88.0908,271.146,89.8264,170.486,88.0908,55.008,88.0908
90,90,90,90,128.644,90,39.8212
268.091,268.854,90.1736,189.514,268.091,304.992,268.091
7
9.17273e-09,1.58368e-08,1.10834e-07,6.03667e-08,1.21712e-08,1.15338e-08,1.51043e-08
-76.7972,-88.4406,-105.341,-103.863,-88.5239,-89.5866,-90.7992
0,3.14159,3.14159,3.14159,3.14159,3.14159,3.14159
90,90,90,90,131.093,90,37.3941
87.9174,271.206,89.8277,171.266,87.9174,52.6333,87.9174
90,90,90,90,131.093,90,37.3941
267.917,268.794,90.1723,188.734,267.917,307.367,267.917
7
8.34e-09,1.50037e-08,1.11667e-07,6.02458e-08,1.15566e-08,1.08832e-08,1.46135e-08
-75.9705,-87.9712,-105.406,-103.846,-88.0738,-89.0824,-90.5123
0,3.14159,3.14159,3.14159,3.14159,3.14159,3.14159
90,90,90,90,133.808,90,34.7993
87.7094,271.273,89.829,172.049,87.7094,49.9697,87.7094
90,90,90,90,133.808,90,34.7993
267.709,268.727,90.171,187.951,267.709,310.03,267.709
7
7.5074e-09,1.41706e-08,1.125e-07,6.01362e-08,1.09709e-08,1.02591e-08,1.41549e-08
-75.057,-87.475,-105.47,-103.83,-87.6221,-88.5694,-90.2354
0,3.14159,3.14159,3.14159,3.14159,3.14159,3.14159
90,90,90,90,136.819,90,32.0308
87.4552,271.348,89.8302,172.836,87.4552,46.9749,87.4552
90,90,90,90,136.819,90,32.0308
267.455,268.652,90.1698,187.164,267.455,313.025,267.455
7
6.67499e-09,1.33375e-08,1.13334e-07,6.0038e-08,1.0419e-08,9.66667e-09,1.37316e-08
-74.0362,-86.9487,-105.534,-103.816,-87.1737,-88.0528,-89.9716
0,3.14159,3.14159,3.14159,3.14159,3.14159,3.14159
90,90,90,90,140.159,90,29.085
87.1376,271.432,89.8315,173.625,87.1376,43.6028,87.1376
90,90,90,90,140.159,90,29.085
267.138,268.568,90.1685,186.375,267.138,316.397,267.138
7
5.84285e-09,1.25044e-08,1.14167e-07,5.99511e-08,9.90651e-09,9.11196e-09,1.33469e-08
-72.8797,-86.3885,-105.598,-103.803,-86.7356,-87.5395,-89.7248
0,3.14159,3.14159,3.14159,3.14159,3.14159,3.14159
90,90,90,90,143.857,90,25.9616
86.7295,271.528,89.8327,174.416,86.7295,39.8056,86.7295
90,90,90,90,143.857,90,25.9616
266.73,268.472,90.1673,185.584,266.73,320.194,266.73
7
5.0111e-09,1.16714e-08,1.15e-07,5.98758e-08,9.43987e-09,8.60233e-09,1.30043e-08
-71.5459,-85.7897,-105.661,-103.792,-86.3165,-87.0395,-89.4989
0,3.14159,3.14159,3.14159,3.14159,3.14159,3.14159
90,90,90,90,147.937,90,22.665
86.1859,271.637,89.8339,175.21,86.1859,35.5377,86.1859
90,90,90,90,147.937,90,22.665
266.186,268.363,90.1661,184.79,266.186,324.462,266.186
7
4.17998e-09,1.08385e-08,1.15834e-07,5.9812e-08,9.0262e-09,8.14623e-09,1.27072e-08
-69.9707,-85.1466,-105.724,-103.783,-85.9273,-86.5664,-89.2982
0,3.14159,3.14159,3.14159,3.14159,3.14159,3.14159
90,90,90,90,152.413,90,19.2048
85.4261,271.762,89.8351,176.005,85.4261,30.7627,85.4261
90,90,90,90,152.413,90,19.2048
265.426,268.238,90.1649,183.995,265.426,329.237,265.426
7
3.34996e-09,1.00056e-08,1.16667e-07,5.97597e-08,8.67307e-09,7.75314e-09,1.24588e-08
-68.048,-84.452,-105.786,-103.775,-85.5807,-86.1368,-89.1268
0,3.14159,3.14159,3.14159,3.14159,3.14159,3.14159
90,90,90,90,157.279,90,15.5978
84.2894,271.909,89.8363,176.802,84.2894,25.4633,84.2894
90,90,90,90,157.279,90,15.5978
264.289,268.091,90.1637,183.198,264.289,334.537,264.289
7
2.52212e-09,9.17273e-09,1.175e-07,5.9719e-08,8.38815e-09,7.43303e-09,1.22622e-08
-65.5826,-83.6972,-105.848,-103.769,-85.2905,-85.7705,-88.9886
0,3.14159,3.14159,3.14159,3.14159,3.14159,3.14159
90,90,90,90,162.502,90,11.8695
82.4054,272.083,89.8375,177.601,82.4054,19.6538,82.4054
90,90,90,90,162.502,90,11.8695
262.405,267.917,90.1625,182.399,262.405,340.346,262.405
7
1.69967e-09,8.34e-09,1.18334e-07,5.96899e-08,8.17856e-09,7.19568e-09,1.21198e-08
-62.1545,-82.8705,-105.909,-103.765,-85.0708,-85.4887,-88.8871
0,3.14159,3.14159,3.14159,3.14159,3.14159,3.14159
90,90,90,90,168.005,90,8.06172
78.6901,272.291,89.8386,178.4,78.6901,13.3925,78.6901
90,90,90,90,168.005,90,8.06172
258.69,267.709,90.1614,181.6,258.69,346.608,258.69
7
8.97527e-10,7.5074e-09,1.19167e-07,5.96725e-08,8.05019e-09,7.04943e-09,1.20335e-08
-56.6082,-81.957,-105.97,-103.763,-84.9333,-85.3103,-88.8251
0,3.14159,3.14159,3.14159,3.14159,3.14159,3.14159
90,90,90,90,173.599,90,4.27741
68.1986,272.545,89.8397,179.2,68.1986,6.78897,68.1986
90,90,90,90,173.599,90,4.27741
248.199,267.455,90.1603,180.8,248.199,353.211,248.199
7
3.33333e-10,6.67499e-09,1.2e-07,5.96667e-08,8.00694e-09,7e-09,1.20046e-08
-48.0048,-80.9362,-106.031,-103.762,-84.8866,-85.2492,-88.8042
0,3.14159,3.14159,3.14159,3.14159,3.14159,3.14159
90,90,90,90,177.614,90,1.59114
0,272.862,89.8408,180,0,0,0
90,90,90,90,177.614,90,1.59114
180,267.138,90.1592,180,180,0,180
7
8.97527e-10,5.84285e-09,1.20834e-07,5.96725e-08,8.05019e-09,7.04943e-09,1.20335e-08
-56.6082,-79.7797,-106.091,-103.763,-84.9333,-85.3103,-88.8251
0,3.14159,3.14159,3.14159,3.14159,3.14159,3.14159
90,90,90,90,173.599,90,4.27741
291.801,273.27,89.8419,180.8,291.801,353.211,291.801
90,90,90,90,173.599,90,4.27741
111.801,266.73,90.1581,179.2,111.801,6.78897,111.801
7
1.69967e-09,5.0111e-09,1.21667e-07,5.96899e-08,8.17856e-09,7.19568e-09,1.21198e-08
-62.1545,-78.4459,-106.151,-103.765,-85.0708,-85.4887,-88.8871
0,3.14159,3.14159,3.14159,3.14159,3.14159,3.14159
90,90,90,90,168.005,90,8.06172
281.31,273.814,89.843,181.6,281.31,346.608,281.31
90,90,90,90,168.005,90,8.06172
101.31,266.186,90.157,178.4,101.31,13.3925,101.31
7
8.97527e-10,5.84285e-09,1.20834e-07,5.96725e-08,8.05019e-09,7.04943e-09,1.20335e-08
-56.6082,-79.7797,-106.091,-103.763,-84.9333,-85.3103,-88.8251
0,3.14159,3.14159,3.14159,3.14159,3.14159,3.14159
90,90,90,90,173.599,90,4.27741
291.801,273.27,89.8419,180.8,291.801,353.211,291.801
90,90,90,90,173.599,90,4.27741
111.801,266.73,90.1581,179.2,111.801,6.78897,111.801
7
3.33333e-10,6.67499e-09,1.2e-07,5.96667e-08,8.00694e-09,7e-09,1.20046e-08
-48.0048,-80.9362,-106.031,-103.762,-84.8866,-85.2492,-88.8042
0,3.14159,3.14159,3.14159,3.14159,3.14159,3.14159
90,90,90,90,177.614,90,1.59114
0,272.862,89.8408,180,0,0,0
90,90,90,90,177.614,90,1.59114
180,267.138,90.1592,180,180,0,180
7
8.97527e-10,7.5074e-09,1.19167e-07,5.96725e-08,8.05019e-09,7.04943e-09,1.20335e-08
-56.6082,-81.957,-105.97,-103.763,-84.9333,-85.3103,-88.8251
0,3.14159,3.14159,3.14159,3.14159,3.14159,3.14159
90,90,90,90,173.599,90,4.27741
68.1986,272.545,89.8397,179.2,68.1986,6.78897,68.1986
90,90,90,90,173.599,90,4.27741
248.199,267.455,90.1603,180.8,248.199,353.211,248.199
7
1.69967e-09,8.34e-09,1.18334e-07,5.96899e-08,8.17856e-09,7.19568e-09,1.21198e-08
-62.1545,-82.8705,-105.909,-103.765,-85.0708,-85.4887,-88.8871
0,3.14159,3.14159,3.14159,3.14159,3.14159,3.14159
90,90,90,90,168.005,90,8.06172
78.6901,272.291,89.8386,178.4,78.6901,13.3925,78.6901
90,90,90,90,168.005,90,8.06172
258.69,267.709,90.1614,181.6,258.69,346.608,258.69
7
2.52212e-09,9.17273e-09,1.175e-07,5.9719e-08,8.38815e-09,7.43303e-09,1.22622e-08
-65.5826,-83.6972,-105.848,-103.769,-85.2905,-85.7705,-88.9886
0,3.14159,3.14159,3.14159,3.14159,3.14159,3.14159
90,90,90,90,162.502,90,11.8695
82.4054,272.083,89.8375,177.601,82.4054,19.6538,82.4054
90,90,90,90,162.502,90,11.8695
262.405,267.917,90.1625,182.399,262.405,340.346,262.405
7
3.34996e-09,1.00056e-08,1.16667e-07,5.97597e-08,8.67307e-09,7.75314e-09,1.24588e-08
-68.048,-84.452,-105.786,-103.775,-85.5807,-86.1368,-89.1268
0,3.14159,3.14159,3.14159,3.14159,3.14159,3.14159
90,90,90,90,157.279,90,15.5978
84.2894,271.909,89.8363,176.802,84.2894,25.4633,84.2894
90,90,90,90,157.279,90,15.5978
264.289,268.091,90.1637,183.198,264.289,334.537,264.289
7
4.17998e-09,1.08385e-08,1.15834e-07,5.9812e-08,9.0262e-09,8.14623e-09,1.27072e-08
-69.9707,-85.1466,-105.724,-103.783,-85.9273,-86.5664,-89.2982
0,3.14159,3.14159,3.14159,3.14159,3.14159,3.14159
90,90,90,90,152.413,90,19.2048
85.4261,271.762,89.8351,176.005,85.4261,30.7627,85.4261
90,90,90,90,152.413,90,19.2048
265.426,268.238,90.1649,183.995,265.426,329.237,265.426
7
5.0111e-09,1.16714e-08,1.15e-07,5.98758e-08,9.43987e-09,8.60233e-09,1.30043e-08
-71.5459,-85.7897,-105.661,-103.792,-86.3165,-87.0395,-89.4989
0,3.14159,3.14159,3.14159,3.14159,3.14159,3.14159
90,90,90,90,147.937,90,22.665
86.1859,271.637,89.8339,175.21,86.1859,35.5377,86.1859
90,90,90,90,147.937,90,22.665
266.186,268.363,90.1661,184.79,266.186,324.462,266.186
7
5.84285e-09,1.25044e-08,1.14167e-07,5.99511e-08,9.90651e-09,9.11196e-09,1.33469e-08
-72.8797,-86.3885,-105.598,-103.803,-86.7356,-87.5395,-89.7248
0,3.14159,3.14159,3.14159,3.14159,3.14159,3.14159
90,90,90,90,143.857,90,25.9616
86.7295,271.528,89.8327,174.416,86.7295,39.8056,86.7295
90,90,90,90,143.857,90,25.9616
266.73,268.472,90.1673,185.584,266.73,320.194,266.73
7
6.67499e-09,1.33375e-08,1.13334e-07,6.0038e-08,1.0419e-08,9.66667e-09,1.37316e-08
-74.0362,-86.9487,-105.534,-103.816,-87.1737,-88.0528,-89.9716
0,3.14159,3.14159,3.14159,3.14159,3.14159,3.14159
90,90,90,90,140.159,90,29.085
87.1376,271.432,89.8315,173.625,87.1376,43.6028,87.1376
90,90,90,90,140.159,90,29.085
267.138,268.568,90.1685,186.375,267.138,316.397,267.138
7
7.5074e-09,1.41706e-08,1.125e-07,6.01362e-08,1.09709e-08,1.02591e-08,1.41549e-08
-75.057,-87.475,-105.47,-103.83,-87.6221,-88.5694,-90.2354
0,3.14159,3.14159,3.14159,3.14159,3.14159,3.14159
90,90,90,90,136.819,90,32.0308
87.4552,271.348,89.8302,172.836,87.4552,46.9749,87.4552
90,90,90,90,136.819,90,32.0308
267.455,268.652,90.1698,187.164,267.455,313.025,267.455
7
8.34e-09,1.50037e-08,1.11667e-07,6.02458e-08,1.15566e-08,1.08832e-08,1.46135e-08
-75.9705,-87.9712,-105.406,-103.846,-88.0738,-89.0824,-90.5123
0,3.14159,3.14159,3.14159,3.14159,3.14159,3.14159
90,90,90,90,133.808,90,34.7993
87.7094,271.273,89.829,172.049,87.7094,49.9697,87.7094
90,90,90,90,133.808,90,34.7993
267.709,268.727,90.171,187.951,267.709,310.03,267.709
7
9.17273e-09,1.58368e-08,1.10834e-07,6.03667e-08,1.21712e-08,1.15338e-08,1.51043e-08
-76.7972,-88.4406,-105.341,-103.863,-88.5239,-89.5866,-90.7992
0,3.14159,3.14159,3.14159,3.14159,3.14159,3.14159
90,90,90,90,131.093,90,37.3941
87.9174,271.206,89.8277,171.266,87.9174,52.6333,87.9174
90,90,90,90,131.093,90,37.3941
267.917,268.794,90.1723,188.734,267.917,307.367,267.917
7
1.00056e-08,1.667e-08,1.10001e-07,6.04989e-08,1.28106e-08,1.22066e-08,1.56241e-08
-77.552,-88.8859,-105.275,-103.882,-88.9686,-90.0791,-91.0931
0,3.14159,3.14159,3.14159,3.14159,3.14159,3.14159
90,90,90,90,128.644,90,39.8212
88.0908,271.146,89.8264,170.486,88.0908,55.008,88.0908
90,90,90,90,128.644,90,39.8212
268.091,268.854,90.1736,189.514,268.091,304.992,268.091
7
1.08385e-08,1.75032e-08,1.09167e-07,6.06422e-08,1.34712e-08,1.28981e-08,1.61701e-08
-78.2466,-89.3096,-105.209,-103.903,-89.4053,-90.5577,-91.3915
0,3.14159,3.14159,3.14159,3.14159,3.14159,3.14159
90,90,90,90,126.431,90,42.0885
88.2376,271.091,89.8251,169.709,88.2376,57.1313,88.2376
90,90,90,90,126.431,90,42.0885
268.238,268.909,90.1749,190.291,268.238,302.869,268.238
7
1.16714e-08,1.83364e-08,1.08334e-07,6.07966e-08,1.415e-08,1.36056e-08,1.67398e-08
-78.8897,-89.7135,-105.143,-103.925,-89.8323,-91.0215,-91.6922
0,3.14159,3.14159,3.14159,3.14159,3.14159,3.14159
90,90,90,90,124.428,90,44.2048
88.3634,271.042,89.8237,168.936,88.3634,59.0362,88.3634
90,90,90,90,124.428,90,44.2048
268.363,268.958,90.1763,191.064,268.363,300.964,268.363
7
1.25044e-08,1.91696e-08,1.07501e-07,6.0962e-08,1.48446e-08,1.43265e-08,1.73309e-08
-79.4885,-90.0995,-105.075,-103.948,-90.2486,-91.4701,-91.9937
0,3.14159,3.14159,3.14159,3.14159,3.14159,3.14159
90,90,90,90,122.61,90,46.1793
88.4725,270.996,89.8223,168.168,88.4725,60.7512,88.4725
90,90,90,90,122.61,90,46.1793
268.472,269.004,90.1777,191.832,268.472,299.249,268.472
7
1.33375e-08,2.00028e-08,1.06667e-07,6.11383e-08,1.55528e-08,1.50591e-08,1.79413e-08
-80.0487,-90.469,-105.008,-103.973,-90.6534,-91.9032,-92.2943
0,3.14159,3.14159,3.14159,3.14159,3.14159,3.14159
90,90,90,90,120.956,90,48.0217
88.5679,270.955,89.821,167.403,88.5679,62.3005,88.5679
90,90,90,90,120.956,90,48.0217
268.568,269.045,90.179,192.597,268.568,297.699,268.568
7
1.41706e-08,2.0836e-08,1.05834e-07,6.13254e-08,1.62728e-08,1.58017e-08,1.85689e-08
-80.575,-90.8235,-104.94,-104,-91.0465,-92.3213,-92.593
0,3.14159,3.14159,3.14159,3.14159,3.14159,3.14159
90,90,90,90,119.447,90,49.7413
88.6521,270.917,89.8195,166.644,88.6521,63.7052,88.6521
90,90,90,90,119.447,90,49.7413
268.652,269.083,90.1805,193.356,268.652,296.295,268.652
7
1.50037e-08,2.16692e-08,1.05001e-07,6.15233e-08,1.70033e-08,1.65529e-08,1.92123e-08
-81.0712,-91.1641,-104.871,-104.028,-91.4279,-92.7247,-92.8888
0,3.14159,3.14159,3.14159,3.14159,3.14159,3.14159
90,90,90,90,118.067,90,51.3471
88.727,270.881,89.8181,165.888,88.727,64.9831,88.727
90,90,90,90,118.067,90,51.3471
268.727,269.119,90.1819,194.112,268.727,295.017,268.727
7
1.58368e-08,2.25025e-08,1.04167e-07,6.17317e-08,1.77428e-08,1.73117e-08,1.98697e-08
-81.5406,-91.4918,-104.802,-104.057,-91.7976,-93.114,-93.1811
0,3.14159,3.14159,3.14159,3.14159,3.14159,3.14159
90,90,90,90,116.801,90,52.8478
88.794,270.849,89.8167,165.138,88.794,66.1495,88.794
90,90,90,90,116.801,90,52.8478
268.794,269.151,90.1833,194.862,268.794,293.85,268.794
7
1.667e-08,2.33357e-08,1.03334e-07,6.19507e-08,1.84902e-08,1.8077e-08,2.05399e-08
-81.9859,-91.8076,-104.732,-104.088,-92.1561,-93.4897,-93.4692
0,3.14159,3.14159,3.14159,3.14159,3.14159,3.14159
90,90,90,90,115.637,90,54.2515
88.8542,270.818,89.8152,164.393,88.8542,67.2176,88.8542
90,90,90,90,115.637,90,54.2515
268.854,269.182,90.1848,195.607,268.854,292.782,268.854
7
1.75032e-08,2.4169e-08,1.02501e-07,6.21801e-08,1.92448e-08,1.88481e-08,2.12217e-08
-82.4096,-92.1124,-104.662,-104.12,-92.5035,-93.8526,-93.7528
0,3.14159,3.14159,3.14159,3.14159,3.14159,3.14159
90,90,90,90,114.563,90,55.5659
88.9088,270.79,89.8137,163.654,88.9088,68.1986,88.9088
90,90,90,90,114.563,90,55.5659
268.909,269.21,90.1863,196.346,268.909,291.801,268.909
7
1.83364e-08,2.50022e-08,1.01667e-07,6.24197e-08,2.00056e-08,1.96242e-08,2.1914e-08
-82.8135,-92.4068,-104.591,-104.154,-92.8402,-94.2031,-94.0316
0,3.14159,3.14159,3.14159,3.14159,3.14159,3.14159
90,90,90,90,113.571,90,56.7978
88.9584,270.764,89.8121,162.92,88.9584,69.1022,88.9584
90,90,90,90,113.571,90,56.7978
268.958,269.236,90.1879,197.08,268.958,290.898,268.958
7
1.91696e-08,2.58355e-08,1.00834e-07,6.26695e-08,2.07719e-08,2.04049e-08,2.26158e-08
-83.1995,-92.6916,-104.519,-104.188,-93.1668,-94.5419,-94.3054
0,3.14159,3.14159,3.14159,3.14159,3.14159,3.14159
90,90,90,90,112.652,90,57.9538
89.0037,270.739,89.8106,162.191,89.0037,69.9369,89.0037
90,90,90,90,112.652,90,57.9538
269.004,269.261,90.1894,197.809,269.004,290.063,269.004
7
2.00028e-08,2.66687e-08,1.00001e-07,6.29294e-08,2.15432e-08,2.11896e-08,2.33262e-08
-83.569,-92.9673,-104.447,-104.224,-93.4834,-94.8697,-94.5741
0,3.14159,3.14159,3.14159,3.14159,3.14159,3.14159
90,90,90,90,111.799,90,59.0398
89.0452,270.716,89.809,161.469,89.0452,70.71,89.0452
90,90,90,90,111.799,90,59.0398
269.045,269.284,90.191,198.531,269.045,289.29,269.045
7
2.0836e-08,2.7502e-08,9.91672e-08,6.31992e-08,2.2319e-08,2.19779e-08,2.40445e-08
-83.9235,-93.2345,-104.375,-104.261,-93.7907,-95.1869,-94.8375
0,3.14159,3.14159,3.14159,3.14159,3.14159,3.14159
90,90,90,90,111.004,90,60.0612
89.0833,270.694,89.8074,160.753,89.0833,71.4277,89.0833
90,90,90,90,111.004,90,60.0612
269.083,269.306,90.1926,199.247,269.083,288.572,269.083
7
2.16692e-08,2.83353e-08,9.83339e-08,6.34788e-08,2.30988e-08,2.27694e-08,2.47701e-08
-84.2641,-93.4938,-104.301,-104.3,-94.089,-95.4942,-95.0958
0,3.14159,3.14159,3.14159,3.14159,3.14159,3.14159
90,90,90,90,110.263,90,61.0232
89.1186,270.674,89.8058,160.043,89.1186,72.0956,89.1186
90,90,90,90,110.263,90,61.0232
269.119,269.326,90.1942,199.957,269.119,287.904,269.119
7
2.25025e-08,2.91686e-08,9.75006e-08,6.3768e-08,2.38822e-08,2.35637e-08,2.55022e-08
-84.5918,-93.7455,-104.227,-104.339,-94.3787,-95.7921,-95.3488
0,3.14159,3.14159,3.14159,3.14159,3.14159,3.14159
90,90,90,90,109.571,90,61.9301
89.1512,270.655,89.8041,159.339,89.1512,72.7185,89.1512
90,90,90,90,109.571,90,61.9301
269.151,269.345,90.1959,200.661,269.151,287.281,269.151
