25
2.66969e-08,4.49548e-08,9.05695e-08,3.43638e-08,2.98413e-08,3.85302e-08,2.72733e-08,1.14493e-07,4.68904e-08,5.28468e-08,4.52995e-08,1.42849e-07,9.47348e-08,9.07411e-08,4.98907e-08,9.31181e-08,3.68598e-08,4.67632e-08,3.48135e-08,9.15457e-08,4.0772e-08,3.15075e-08,9.01529e-08,3.51102e-08,3.89318e-08
-86.0764,-100.603,-106.687,-98.2692,-97.0436,-99.2632,-96.262,-108.723,-100.969,-102.008,-100.669,-110.645,-107.077,-106.703,-101.508,-106.928,-98.8783,-100.945,-98.3822,-106.78,-99.7545,-97.5155,-106.647,-98.4559,-99.3533
0,3.14159,3.14159,3.14159,3.14159,3.14159,3.14159,6.28319,6.28319,6.28319,6.28319,6.28319,6.28319,6.28319,6.28319,6.28319,6.28319,6.28319,6.28319,6.28319,6.28319,6.28319,6.28319,6.28319,6.28319
83.5479,86.1736,88.1018,84.9916,117.257,85.5344,76.5724,88.4985,106.945,86.7457,81.9631,88.7966,88.1853,85.9977,86.5526,88.1538,111.763,86.3218,79.5183,98.5857,109.585,122.653,88.093,49.0742,80.6377
32.882,299.78,75.7526,155.12,32.882,22.0199,32.882,281.224,299.78,312.45,299.78,81.0259,67.9082,75.7526,231.42,109.492,155.12,162.024,155.12,75.7526,22.0199,32.882,9.19772,32.882,22.0199
96.4521,93.8264,91.8982,95.0084,117.257,94.4656,76.5724,91.5015,106.945,93.2543,81.9631,91.2034,91.8147,85.9977,93.4474,91.8462,111.763,93.6782,79.5183,98.5857,109.585,57.3467,91.907,130.926,80.6377
212.882,240.22,104.247,204.88,212.882,337.98,212.882,101.224,240.22,312.45,240.22,261.026,67.9082,104.247,231.42,109.492,204.88,342.024,204.88,104.247,337.98,212.882,189.198,212.882,337.98
25
2.62241e-08,4.45317e-08,9.07798e-08,3.39064e-08,2.94191e-08,3.87071e-08,2.68107e-08,1.14789e-07,4.64849e-08,5.28546e-08,4.48796e-08,1.42435e-07,9.51394e-08,9.0951e-08,4.94471e-08,9.32894e-08,3.64338e-08,4.69657e-08,3.43621e-08,9.17537e-08,4.09392e-08,3.11079e-08,8.97693e-08,3.4752e-08,3.91069e-08
-85.9212,-100.521,-106.707,-98.1529,-96.9198,-99.303,-96.1134,-108.745,-100.893,-102.009,-100.588,-110.62,-107.114,-106.723,-101.43,-106.944,-98.7773,-100.983,-98.2688,-106.8,-99.79,-97.4046,-106.61,-98.3668,-99.3923
0,3.14159,3.14159,3.14159,3.14159,3.14159,3.14159,6.28319,6.28319,6.28319,6.28319,6.28319,6.28319,6.28319,6.28319,6.28319,6.28319,6.28319,6.28319,6.28319,6.28319,6.28319,6.28319,6.28319,6.28319
83.4311,86.1372,88.1062,84.9239,117.681,85.5548,76.3362,88.5024,107.098,86.7462,81.8874,88.7931,88.193,86.007,86.5217,88.1572,112.031,86.3377,79.379,98.5661,109.501,123.126,88.0849,48.5603,80.68
32.5988,299.603,76.0012,155.444,32.5988,21.3278,32.5988,281.027,299.603,312.939,299.603,81.134,67.7882,76.0012,231.509,109.236,155.444,162.575,155.444,76.0012,21.3278,32.5988,9.00026,32.5988,21.3278
96.5689,93.8628,91.8938,95.0761,117.681,94.4452,76.3362,91.4976,107.098,93.2538,81.8874,91.2069,91.807,86.007,93.4783,91.8428,112.031,93.6623,79.379,98.5661,109.501,56.8738,91.9151,131.44,80.68
212.599,240.397,103.999,204.556,212.599,338.672,212.599,101.027,240.397,312.939,240.397,261.134,67.7882,103.999,231.509,109.236,204.556,342.575,204.556,103.999,338.672,212.599,189,212.599,338.672
25
2.5752e-08,4.4109e-08,9.09918e-08,3.34502e-08,2.89991e-08,3.88896e-08,2.63492e-08,1.15086e-07,4.60802e-08,5.28662e-08,4.44603e-08,1.42023e-07,9.55444e-08,9.11626e-08,4.90036e-08,9.34626e-08,3.60096e-08,4.71724e-08,3.39121e-08,9.19635e-08,4.11118e-08,3.0711e-08,8.93867e-08,3.43972e-08,3.92876e-08
-85.7635,-100.438,-106.727,-98.0352,-96.7949,-99.3439,-95.9626,-108.768,-100.818,-102.011,-100.507,-110.594,-107.151,-106.744,-101.352,-106.96,-98.6756,-101.021,-98.1543,-106.82,-99.8265,-97.2931,-106.573,-98.2777,-99.4323
0,3.14159,3.14159,3.14159,3.14159,3.14159,3.14159,6.28319,6.28319,6.28319,6.28319,6.28319,6.28319,6.28319,6.28319,6.28319,6.28319,6.28319,6.28319,6.28319,6.28319,6.28319,6.28319,6.28319,6.28319
83.3101,86.1001,88.1106,84.8545,118.117,85.5757,76.0921,88.5063,107.253,86.7469,81.8104,88.7896,88.2007,86.0163,86.4902,88.1606,112.304,86.3537,79.2364,98.5464,109.416,123.611,88.0767,48.0364,80.7232
32.3051,299.422,76.2486,155.777,32.3051,20.6421,32.3051,280.83,299.422,313.429,299.422,81.2428,67.6692,76.2486,231.599,108.98,155.777,163.121,155.777,76.2486,20.6421,32.3051,8.8011,32.3051,20.6421
96.6899,93.8999,91.8894,95.1455,118.117,94.4243,76.0921,91.4937,107.253,93.2531,81.8104,91.2104,91.7993,86.0163,93.5098,91.8394,112.304,93.6463,79.2364,98.5464,109.416,56.3893,91.9233,131.964,80.7232
212.305,240.578,103.751,204.223,212.305,339.358,212.305,100.83,240.578,313.429,240.578,261.243,67.6692,103.751,231.599,108.98,204.223,343.121,204.223,103.751,339.358,212.305,188.801,212.305,339.358
25
2.5316e-08,4.36288e-08,9.12702e-08,3.30221e-08,2.86125e-08,3.91003e-08,2.59231e-08,1.15319e-07,4.56207e-08,5.28338e-08,4.39839e-08,1.41676e-07,9.60114e-08,9.14405e-08,4.85081e-08,9.37007e-08,3.56123e-08,4.74022e-08,3.34899e-08,9.2239e-08,4.13112e-08,3.03463e-08,8.90153e-08,3.40719e-08,3.94961e-08
-85.6151,-100.343,-106.754,-97.9233,-96.6783,-99.3908,-95.821,-108.785,-100.73,-102.005,-100.413,-110.573,-107.194,-106.77,-101.264,-106.982,-98.5792,-101.063,-98.0455,-106.846,-99.8686,-97.1893,-106.537,-98.1952,-99.4783
0,3.14159,3.14159,3.14159,3.14159,3.14159,3.14159,6.28319,6.28319,6.28319,6.28319,6.28319,6.28319,6.28319,6.28319,6.28319,6.28319,6.28319,6.28319,6.28319,6.28319,6.28319,6.28319,6.28319,6.28319
83.1943,86.0571,88.1164,84.7876,118.532,85.5996,75.8588,88.5093,107.432,86.7449,81.7211,88.7867,88.2094,86.0284,86.4543,88.1653,112.567,86.3714,79.099,98.5206,109.319,124.07,88.0686,47.5426,80.7726
32.1291,299.281,76.5047,156.013,32.1291,20.0551,32.1291,280.641,299.281,313.968,299.281,81.3562,67.5665,76.5047,231.641,108.712,156.013,163.585,156.013,76.5047,20.0551,32.1291,8.64268,32.1291,20.0551
96.8057,93.9429,91.8836,95.2124,118.532,94.4004,75.8588,91.4907,107.432,93.2551,81.7211,91.2133,91.7906,86.0284,93.5457,91.8347,112.567,93.6286,79.099,98.5206,109.319,55.9304,91.9314,132.457,80.7726
212.129,240.719,103.495,203.987,212.129,339.945,212.129,100.641,240.719,313.968,240.719,261.356,67.5665,103.495,231.641,108.712,203.987,343.585,203.987,103.495,339.945,212.129,188.643,212.129,339.945
