36
7.21155e-08,1.74077e-07,7.62831e-08,7.48375e-08,1.7558e-07,7.84756e-08,8.09979e-08,1.76987e-07,8.23072e-08,8.13666e-08,1.77028e-07,8.90415e-08,8.14452e-08,1.77758e-07,9.17718e-08,8.34725e-08,2.12691e-07,1.87773e-07,7.88613e-08,1.75222e-07,2.19571e-07,1.89341e-07,8.25471e-08,1.75274e-07,2.2021e-07,1.91046e-07,9.93512e-08,1.80124e-07,2.2067e-07,2.03326e-07,9.9729e-08,1.8205e-07,2.21447e-07,2.10694e-07,1.06656e-07,1.8512e-07
-94.7078,-132.394,-103.984,-102.776,-137.845,-110.1,-112.721,-139.203,-113.798,-113.077,-139.243,-120.297,-113.153,-139.947,-122.932,-115.11,-171.741,-165.986,-111.345,-135.224,-182.381,-171.499,-118.902,-139.274,-182.999,-173.145,-135.12,-143.956,-183.442,-184.996,-135.485,-145.814,-184.192,-192.106,-142.17,-148.777
0,3.14159,3.14159,3.14159,3.98875,6.05094,4.9938,1.63807,3.71783,1.25516,3.4737,2.13472,4.3835,4.21488,2.9854,0.396907,6.28319,6.28319,6.28319,6.28319,2.31833,1.02429,0.470022,0.751469,5.61358,5.12508,4.36463,1.62228,1.19646,0.156745,2.54412,2.79336,6.26197,3.27661,3.46654,4.95503
102.005,94.9432,101.34,109.515,114.949,152.92,178.197,110.88,155.883,168.497,115.864,156.689,171.639,109.253,161.124,168.076,94.0441,94.5819,108.482,98.2027,101.907,117.864,152.431,117.932,102.105,106.316,164.342,114.171,119.474,112.878,160.147,113.612,106.41,111.83,157.323,109.149
169.104,246.447,157.832,169.104,245.051,152.92,178.197,249.12,155.883,168.497,244.136,156.689,171.639,250.747,161.124,168.076,109.055,248.267,157.832,246.447,101.907,242.136,152.431,242.068,102.105,253.684,164.342,245.829,119.474,247.122,160.147,246.388,106.41,248.17,157.323,250.851
77.9949,85.0568,78.6597,109.515,65.6579,26.0602,18.0424,62.5544,11.3993,14.9968,71.2781,19.2221,14.0576,63.2606,20.9152,12.6566,85.9559,85.4181,108.482,98.2027,74.9797,65.3621,27.4227,58.4713,70.5577,69.719,18.1619,70.9285,69.9641,62.0551,21.7844,65.4741,68.4178,66.8428,16.9517,58.3786
349.104,293.53,22.1564,349.104,294.342,26.0602,341.958,297.446,11.3993,345.003,288.722,19.2221,345.942,296.739,20.9152,347.343,289.043,68.2789,22.1564,293.53,285.02,65.3621,27.4227,301.529,289.442,69.719,18.1619,289.071,290.036,62.0551,21.7844,294.526,291.582,66.8428,16.9517,301.621
36
1.04544e-07,1.89815e-07,1.07463e-07,1.0644e-07,1.96603e-07,1.11587e-07,1.06602e-07,2.00312e-07,1.13266e-07,1.13778e-07,2.00626e-07,1.17638e-07,1.21414e-07,2.10686e-07,1.17737e-07,1.21536e-07,2.25751e-07,2.02455e-07,1.90866e-07,1.09308e-07,2.28164e-07,2.0947e-07,1.92395e-07,1.09582e-07,2.29738e-07,2.1703e-07,1.9247e-07,1.11749e-07,2.32947e-07,2.20436e-07,1.92539e-07,1.14025e-07,2.34852e-07,2.23713e-07,1.96202e-07,1.16359e-07
-97.9332,-127.222,-104.51,-103.57,-137.774,-112.491,-107.726,-141.353,-114.111,-114.652,-141.657,-118.33,-122.021,-151.365,-118.426,-122.138,-159.959,-154.6,-130.118,-109.899,-166.288,-165.37,-135.594,-114.163,-167.807,-172.666,-135.666,-116.255,-170.904,-175.953,-135.733,-118.451,-172.743,-179.116,-139.268,-120.704
0,3.14159,3.14159,3.14159,2.28737,2.55847,2.27334,5.47776,2.65523,5.37891,1.53695,1.63736,3.53598,6.27875,1.96913,4.21139,6.28319,6.28319,6.28319,6.28319,3.66104,0.259407,1.22821,0.313678,0.812951,4.141,1.80824,4.07654,0.851499,4.45143,1.01256,3.21062,0.789525,2.40302,1.6019,4.17254
98.2492,94.5325,98.0237,103.584,123.726,171.087,171.822,124.029,175.161,174.289,123.014,164.304,170.44,125.962,155.055,168.223,93.8098,94.249,97.5264,103.221,114.722,115.32,127.676,163.662,116.485,123.784,120.684,156.503,114.83,120.644,118.993,165.855,115.187,117.438,119.561,167.563
172.596,237.153,164.617,172.596,236.274,171.087,171.822,235.971,175.161,174.289,236.986,164.304,170.44,234.038,155.055,168.223,117.096,239.445,237.153,164.617,114.722,244.68,232.324,163.662,116.485,236.216,239.316,156.503,114.83,239.356,241.007,165.855,115.187,242.562,240.439,167.563
81.7508,85.4675,81.9763,103.584,73.1709,14.4047,12.4301,46.5885,15.9688,10.9338,51.0112,17.4496,7.50395,62.0349,9.26165,7.89636,86.1902,85.751,97.5264,103.221,63.8429,61.0743,62.602,18.4798,56.9213,60.0957,64.4096,26.0912,68.3745,54.4554,53.7451,11.6115,53.8327,57.0853,62.5144,14.7737
352.596,302.825,15.3718,352.596,286.829,14.4047,347.57,313.411,15.9688,349.066,308.989,17.4496,352.496,297.965,9.26165,352.104,297.085,59.4562,302.825,15.3718,296.157,61.0743,297.398,18.4798,303.079,60.0957,295.59,26.0912,291.625,54.4554,306.255,11.6115,306.167,57.0853,297.486,14.7737
36
1.37407e-07,2.09711e-07,1.39641e-07,1.38855e-07,2.14555e-07,1.45335e-07,1.39217e-07,2.14635e-07,1.4968e-07,1.3928e-07,2.14882e-07,1.51082e-07,1.44422e-07,2.18525e-07,1.51338e-07,1.44658e-07,2.42718e-07,2.21222e-07,2.10663e-07,1.41066e-07,2.50576e-07,2.24542e-07,2.10978e-07,1.43824e-07,2.51151e-07,2.24713e-07,2.11486e-07,1.47232e-07,2.59611e-07,2.24895e-07,2.13326e-07,1.50221e-07,2.63379e-07,2.28442e-07,2.2664e-07,1.65122e-07
-100.307,-124.114,-105.41,-104.637,-132.789,-114.905,-108.987,-132.865,-119.098,-109.048,-133.104,-120.452,-114.01,-136.62,-120.698,-114.239,-152.136,-147.212,-126.845,-109.626,-163.72,-154.415,-131.149,-116.288,-164.276,-154.58,-131.639,-119.577,-172.44,-154.756,-133.416,-122.461,-176.076,-158.179,-146.264,-136.843
0,3.14159,3.14159,3.14159,5.53871,5.42713,1.06548,0.874818,0.650961,4.44408,0.849484,1.32358,0.393819,3.04567,4.92509,5.85274,6.28319,6.28319,6.28319,6.28319,1.67616,1.70031,3.01265,4.6449,0.626753,5.21022,1.03994,4.1998,3.73302,2.23986,6.12325,5.74451,1.75032,1.24876,1.86288,2.60123
96.2672,94.1017,96.1665,100.372,131.63,164.969,172.146,124.257,170.85,177.372,137.696,166.5,173.234,133.188,169.527,173.199,93.5432,93.8879,96.8155,100.208,127.791,129.547,127.068,164.078,118.768,121.459,127.766,171.798,130.098,133.724,122.596,172.207,125.385,125.714,128.712,164.675
174.398,229.457,168.266,174.398,228.37,164.969,172.146,235.743,170.85,177.372,222.304,166.5,173.234,226.812,169.527,173.199,124.133,231.971,229.457,168.266,127.791,230.453,232.932,164.078,118.768,238.541,232.234,171.798,130.098,226.276,237.404,172.207,125.385,234.286,231.288,164.675
83.7328,85.8983,83.8335,100.372,52.8223,2.72053,0.674646,33.0901,16.5293,4.17871,52.4704,13.4651,3.13396,50.2857,6.37426,7.66223,86.4568,86.1121,96.8155,100.208,54.6136,55.7107,51.0582,17.3565,52.6874,47.8064,58.2498,26.5069,49.2396,50.3415,41.8507,11.337,54.1788,49.6824,52.1191,15.3822
354.398,310.52,11.7227,354.398,307.178,2.72053,359.325,326.91,16.5293,355.821,307.53,13.4651,356.866,309.714,6.37426,352.338,304.121,51.9826,310.52,11.7227,305.386,55.7107,308.942,17.3565,307.313,47.8064,301.75,26.5069,310.76,50.3415,318.149,11.337,305.821,49.6824,307.881,15.3822
36
1.70452e-07,2.32702e-07,1.72259e-07,1.71622e-07,2.33521e-07,1.72585e-07,1.75409e-07,2.39475e-07,1.74851e-07,1.78636e-07,2.44182e-07,1.76493e-07,1.79532e-07,2.45624e-07,1.82584e-07,1.79543e-07,2.62835e-07,2.43132e-07,2.3356e-07,1.73416e-07,2.6389e-07,2.45791e-07,2.36017e-07,1.74729e-07,2.63952e-07,2.45898e-07,2.3764e-07,1.75422e-07,2.66927e-07,2.50715e-07,2.43062e-07,1.76404e-07,2.75181e-07,2.51215e-07,2.45949e-07,1.79242e-07
-102.179,-122.164,-106.352,-105.695,-126.954,-110.666,-113.35,-132.701,-112.853,-116.465,-137.244,-114.437,-117.33,-138.635,-120.317,-117.34,-146.618,-142.121,-124.677,-109.807,-151.636,-148.688,-131.048,-115.073,-151.696,-148.79,-132.615,-115.742,-154.568,-153.44,-137.848,-116.69,-162.534,-153.922,-140.634,-119.429
0,3.14159,3.14159,3.14159,0.287662,3.09165,2.18449,2.34102,2.74823,1.0939,4.32436,1.6743,2.60306,1.29279,2.19888,5.45837,6.28319,6.28319,6.28319,6.28319,3.82961,6.24935,1.55712,0.630965,5.90876,3.52697,1.20849,1.50697,6.07821,6.00925,1.55691,1.56512,3.97425,4.56352,4.15963,1.15628
95.0486,93.6959,94.9955,98.376,133.243,174.27,172.934,149.67,162.858,170.255,138.788,169.72,174.051,139.623,165.114,172.079,93.2716,93.5371,96.1447,98.2887,127.419,141.908,127.889,159.942,136.585,128.223,140.732,166.745,126.711,139.595,142.765,179.585,135.526,138.827,139.687,177.512
175.496,223.192,170.528,175.496,226.757,174.27,172.934,210.33,162.858,170.255,221.212,169.72,174.051,220.377,165.114,172.079,130.169,225.759,223.192,170.528,127.419,218.092,232.111,159.942,136.585,231.777,219.268,166.745,126.711,220.405,217.235,179.585,135.526,221.173,220.313,177.512
84.9514,86.3041,85.0045,98.376,37.252,12.2605,13.1275,36.3014,11.3243,12.2657,48.5172,11.9124,5.30572,46.2952,8.58167,6.42784,86.7284,86.4629,96.1447,98.2887,49.2052,50.4732,40.9473,18.2196,50.8206,50.8311,43.9466,14.3101,49.2112,41.8827,40.6583,17.4246,46.5603,45.6974,40.0796,3.76645
355.496,316.785,9.4609,355.496,322.748,12.2605,346.873,323.699,11.3243,347.734,311.483,11.9124,354.694,313.705,8.58167,353.572,310.158,45.7701,316.785,9.4609,310.795,50.4732,319.053,18.2196,309.179,50.8311,316.053,14.3101,310.789,41.8827,319.342,17.4246,313.44,45.6974,319.92,356.234
31
2.03155e-07,2.49963e-07,2.07362e-07,2.04137e-07,2.52729e-07,2.11482e-07,2.04689e-07,2.53918e-07,2.14638e-07,2.07645e-07,2.60098e-07,2.15944e-07,2.08666e-07,2.61611e-07,2.18074e-07,2.15019e-07,2.76233e-07,2.50762e-07,2.08324e-07,2.79837e-07,2.5205e-07,2.17052e-07,2.81238e-07,2.73425e-07,2.33891e-07,2.81585e-07,2.82231e-07,2.35822e-07,2.94454e-07,2.85563e-07,2.40111e-07
-103.704,-119.66,-108.806,-106.67,-126.33,-116.782,-111.202,-127.477,-119.828,-114.055,-133.442,-121.088,-115.041,-134.902,-123.144,-121.172,-140.551,-122.032,-111.692,-148.029,-127.276,-124.115,-149.381,-147.905,-140.366,-149.716,-156.403,-142.23,-162.136,-159.619,-146.369
0,3.14159,3.14159,3.14159,0.0582659,3.47331,5.44794,5.57684,4.36146,2.7133,0.545025,1.69435,0.357823,1.52939,0.510205,0.552978,6.28319,6.28319,6.28319,2.37465,4.52773,2.39565,4.03491,2.79767,1.44919,5.56122,3.77983,2.16091,2.32315,0.692253,0.4793
94.2343,93.4403,94.1482,97.0345,139.119,168.014,175.721,133.307,165.246,173.228,134.508,169.358,176.42,141.443,160.144,174.498,93.1128,95.7217,96.8924,138.097,149.152,169.486,141.279,146.347,163.805,145.389,139.901,167.954,142.843,142.162,165.769
180,215.698,168.402,180,220.881,168.014,175.721,226.693,165.246,173.228,225.492,169.358,176.42,218.557,160.144,185.502,137.266,215.698,168.402,138.097,210.848,169.486,141.279,213.653,163.805,145.389,220.099,167.954,142.843,217.838,165.769
85.7657,86.5597,85.8518,97.0345,41.3585,8.52515,3.43939,43.4917,18.2667,3.27587,40.9757,16.3941,1.40841,37.1323,11.4946,1.11546,86.8872,95.7217,96.8924,48.2394,46.0958,9.21582,42.9535,37.1612,18.4656,42.6273,34.6876,13.952,41.9513,32.8898,12.2138
0,324.279,11.587,0,318.642,8.52515,356.561,316.508,18.2667,356.724,319.024,16.3941,358.592,322.868,11.4946,1.11546,317.254,324.279,11.587,311.761,313.904,9.21582,317.046,322.839,18.4656,317.373,325.312,13.952,318.049,327.11,12.2138
31
2.13813e-07,2.1795e-07,2.30179e-07,2.14747e-07,2.2022e-07,2.30853e-07,2.20765e-07,2.21016e-07,2.32633e-07,2.21371e-07,2.29041e-07,2.33118e-07,2.21616e-07,2.43809e-07,2.34264e-07,2.28898e-07,2.18866e-07,3.25162e-07,2.31046e-07,2.20126e-07,3.31416e-07,2.3477e-07,2.21423e-07,3.40616e-07,2.3578e-07,2.26715e-07,3.43342e-07,2.36714e-07,2.2722e-07,3.43667e-07,2.38261e-07
-104.148,-112.928,-115.975,-106.97,-119.118,-120.626,-116.779,-119.886,-122.343,-117.363,-127.631,-122.812,-117.6,-141.884,-123.917,-124.627,-115.663,-150.071,-118.558,-120.878,-160.106,-126.152,-122.13,-168.986,-127.127,-127.238,-171.616,-128.029,-127.725,-171.93,-129.522
0,3.14159,3.14159,3.14159,1.25813,2.95755,4.46631,2.32378,0.282364,0.282658,1.88488,2.43053,1.49087,2.18032,1.81185,1.0425,6.28319,6.28319,6.28319,5.28954,2.86426,3.18635,1.20394,2.4689,4.55829,1.79617,4.42322,3.7417,0.890306,3.64767,3.27866
94.0229,93.9464,93.7364,96.6853,153.086,141.901,165.071,160.864,145.952,151.179,160.568,159.163,171.812,160.467,149.08,161.533,96.5589,92.644,96.2118,164.71,127.184,158.149,157.695,139.33,153.26,152.584,129.756,155.983,164.968,128.558,157.239
198.214,201.284,151.883,198.214,206.914,141.901,194.929,199.136,145.952,208.821,199.432,159.163,188.188,199.533,149.08,198.467,201.284,231.398,151.883,195.29,232.816,158.149,202.305,220.67,153.26,207.416,230.244,155.983,195.032,231.442,157.239
85.9771,86.0536,86.2636,96.6853,15.7661,29.8857,19.9941,28.9307,23.2263,21.8151,13.7365,27.6191,23.7309,27.9703,20.5806,13.0695,96.5589,87.356,96.2118,23.1844,39.4355,24.6285,21.2829,52.8702,34.6387,19.2261,45.1514,41.9496,18.7324,50.0805,26.1214
18.2141,338.693,28.1059,18.2141,344.234,29.8857,19.9941,331.069,23.2263,21.8151,346.263,27.6191,23.7309,332.03,20.5806,13.0695,338.693,51.4094,28.1059,336.816,39.4355,24.6285,338.717,52.8702,34.6387,340.774,45.1514,41.9496,341.268,50.0805,26.1214
36
1.82539e-07,1.87373e-07,2.01461e-07,1.83632e-07,1.9066e-07,2.03076e-07,1.84472e-07,1.90934e-07,2.10784e-07,1.89783e-07,1.98001e-07,2.1266e-07,1.91607e-07,2.06863e-07,2.13735e-07,1.91613e-07,2.08313e-07,1.88438e-07,3.05507e-07,2.02451e-07,2.10659e-07,1.92535e-07,3.09863e-07,2.05454e-07,2.11745e-07,1.93281e-07,3.12311e-07,2.08261e-07,2.11872e-07,2.00138e-07,3.15206e-07,2.09931e-07,2.11909e-07,2.01996e-07,3.2099e-07,2.17235e-07
-102.774,-113.003,-116.538,-106.065,-120.175,-122.097,-110.875,-120.44,-129.536,-116.001,-127.26,-131.346,-117.761,-135.813,-132.384,-117.767,-131.998,-116.154,-154.696,-119.458,-138.262,-124.109,-162.9,-126.356,-139.31,-124.828,-165.263,-129.065,-139.433,-131.446,-168.056,-130.676,-139.469,-133.239,-173.638,-137.726
0,3.14159,3.14159,3.14159,3.91139,5.85872,0.57901,1.15558,4.09573,6.25882,1.42471,2.2721,2.75075,4.68974,5.561,2.07349,6.28319,6.28319,6.28319,6.28319,4.90963,5.04112,3.31813,4.89371,5.8737,3.45294,3.25015,0.702507,4.19332,3.89212,4.92843,5.12921,4.61847,5.79652,0.116741,1.93411
94.7135,94.5917,94.27,97.8247,143.477,152.792,162.919,157.677,150.657,161.772,162.225,144.717,161.402,153.203,148.148,160.824,94.1293,97.6239,92.8143,97.0934,143.634,151.681,117.632,142.48,143.655,156.685,126.779,142.666,145.887,155.496,127.591,142.648,144.927,162.959,120.512,143.784
201.497,205.003,147.4,201.497,216.523,152.792,197.081,202.323,150.657,198.228,197.775,144.717,198.598,206.797,148.148,199.176,144.547,205.003,236.296,147.4,143.634,208.319,242.368,142.48,143.655,203.315,233.221,142.666,145.887,204.504,232.409,142.648,144.927,197.041,239.488,143.784
85.2865,85.4083,85.73,97.8247,25.8584,41.6768,18.8303,21.6563,35.8039,16.8474,23.0766,26.1816,19.6134,28.419,29.9432,24.653,85.8707,97.6239,87.1857,97.0934,35.2023,23.0786,58.9191,37.2375,40.2889,24.4225,52.3401,28.6056,35.0242,22.2232,59.7902,27.4017,35.4817,26.0244,56.3648,31.9292
21.4973,334.974,32.589,21.4973,334.142,41.6768,18.8303,338.344,35.8039,16.8474,336.923,26.1816,19.6134,331.581,29.9432,24.653,324.535,334.974,56.3075,32.589,324.798,336.921,58.9191,37.2375,319.711,335.577,52.3401,28.6056,324.976,337.777,59.7902,27.4017,324.518,333.976,56.3648,31.9292
36
1.52142e-07,1.57916e-07,1.74393e-07,1.53451e-07,1.60221e-07,1.76662e-07,1.60355e-07,1.6089e-07,1.7962e-07,1.65599e-07,1.60897e-07,1.83684e-07,1.66469e-07,1.64923e-07,1.85096e-07,1.67315e-07,1.82274e-07,1.59177e-07,2.88376e-07,1.75536e-07,1.83716e-07,1.65251e-07,3.06467e-07,1.7625e-07,1.87534e-07,1.75875e-07,3.10902e-07,1.76417e-07,1.88347e-07,1.81704e-07,3.24618e-07,1.78589e-07,1.93263e-07,1.81761e-07,3.26022e-07,1.7884e-07
-101.192,-113.456,-117.644,-105.116,-119.681,-123.834,-115.78,-120.327,-126.688,-120.84,-120.333,-130.61,-121.68,-124.219,-131.973,-122.496,-135.847,-117.141,-160.812,-120.961,-141.239,-127.003,-182.271,-125.65,-144.924,-137.256,-186.552,-125.811,-145.708,-142.882,-199.789,-127.908,-150.453,-142.936,-201.144,-128.15
0,3.14159,3.14159,3.14159,2.76752,4.63142,1.48935,4.66393,0.890884,4.51877,0.137564,4.81906,0.96349,3.41698,2.76284,3.06272,6.28319,6.28319,6.28319,6.28319,1.20707,5.12457,4.44384,5.68364,3.32458,4.79055,2.64237,4.67132,0.214617,0.195741,3.01546,3.90904,2.52531,5.12576,2.28526,5.05036
95.6581,95.4506,94.9343,99.3763,153.346,138.04,158.475,142.461,143.539,152.273,155.513,145.845,156.011,160.969,144.688,150.029,94.7204,99.0362,92.9816,98.188,134.826,148.652,113.013,145.085,136.09,143.627,114.528,141.553,133.423,149.366,115.361,137.345,136.174,150.992,125.246,140.503
206.125,210.149,141.468,206.125,206.654,138.04,201.525,217.539,143.539,207.727,204.487,145.845,203.989,199.031,144.688,209.971,138.435,210.149,241.822,141.468,134.826,211.348,246.987,145.085,136.09,216.373,245.472,141.553,133.423,210.634,244.639,137.345,136.174,209.008,234.754,140.503
84.3419,84.5494,85.0657,99.3763,28.4944,38.4402,33.5329,37.498,27.5676,24.1239,38.7566,31.0368,26.2412,28.3099,37.8802,19.1588,85.2796,99.0362,87.0184,98.188,48.3348,31.8487,64.7377,39.193,44.6607,37.9446,59.9382,49.6514,46.5088,25.0627,63.6091,33.4865,42.0799,38.5238,64.6949,42.9735
26.125,329.828,38.5201,26.125,331.506,38.4402,33.5329,322.502,27.5676,24.1239,321.243,31.0368,26.2412,331.69,37.8802,19.1588,318.424,329.828,61.8339,38.5201,311.665,328.151,64.7377,39.193,315.339,322.055,59.9382,49.6514,313.491,334.937,63.6091,33.4865,317.92,321.476,64.6949,42.9735
36
1.23273e-07,1.30339e-07,1.49872e-07,1.24885e-07,1.30474e-07,1.49901e-07,1.26823e-07,1.31815e-07,1.50507e-07,1.27657e-07,1.33052e-07,1.54327e-07,1.27812e-07,1.34514e-07,1.5666e-07,1.33465e-07,1.58983e-07,1.31864e-07,2.74243e-07,1.512e-07,1.62058e-07,1.38444e-07,2.76472e-07,1.54497e-07,1.6209e-07,1.49932e-07,2.8215e-07,1.63569e-07,1.67645e-07,1.51024e-07,2.86728e-07,1.64106e-07,1.68894e-07,1.5119e-07,2.89214e-07,1.64871e-07
-99.3646,-114.681,-119.748,-104.173,-118.812,-123.777,-110.043,-120.105,-124.362,-110.848,-121.299,-128.048,-110.998,-122.711,-130.3,-116.453,-141.843,-119.032,-169.21,-123.491,-148.81,-129.382,-175.361,-130.672,-148.842,-140.469,-180.841,-139.427,-154.203,-141.523,-185.259,-139.946,-155.408,-141.683,-187.658,-140.685
0,3.14159,3.14159,3.14159,1.12902,5.67669,3.78871,1.3298,4.69062,0.565751,2.46286,1.46313,4.93747,3.00297,5.80353,2.56119,6.28319,6.28319,6.28319,6.28319,3.90212,3.13474,5.55789,2.62851,4.69507,3.15692,4.32401,4.7639,6.19731,4.78064,2.53759,3.47261,3.78228,1.4958,0.208354,6.22514
96.9891,96.6085,95.7441,101.548,138.601,141.108,142.803,136.606,136.284,144.121,144.745,135.475,139.775,142.508,125.883,156.322,95.4139,100.929,93.1354,99.5172,139.689,134.935,113.955,130.653,131.419,151.551,111.584,133.766,128.48,134.501,107.055,135.015,133.242,131.731,109.246,129.776
213.015,217.584,133.466,213.015,221.399,141.108,217.197,223.394,136.284,215.879,215.255,135.475,220.225,217.492,125.883,203.678,130.401,217.584,247.983,133.466,139.689,225.065,246.045,130.653,131.419,208.449,248.416,133.766,128.48,225.499,252.945,135.015,133.242,228.269,250.754,129.776
83.0109,83.3915,84.2559,101.548,37.4635,43.6273,30.3041,36.3598,54.7387,24.367,40.2525,42.62,30.9398,37.4802,47.161,24.0721,84.5861,100.929,86.8646,99.5172,48.494,42.753,72.4775,48.5848,52.5801,45.7011,70.753,44.2118,61.5028,42.8512,71.714,40.3156,46.9389,45.7495,65.8626,46.7959
33.0147,322.393,46.5226,33.0147,322.537,43.6273,30.3041,323.64,54.7387,24.367,319.748,42.62,30.9398,322.52,47.161,24.0721,310.39,322.393,67.9944,46.5226,311.506,317.247,72.4775,48.5848,307.42,314.299,70.753,44.2118,298.497,317.149,71.714,40.3156,313.061,314.25,65.8626,46.7959
36
9.73001e-08,1.06119e-07,1.29353e-07,9.93344e-08,1.07477e-07,1.30373e-07,1.02945e-07,1.09522e-07,1.33452e-07,1.02975e-07,1.10842e-07,1.33824e-07,1.03793e-07,1.2017e-07,1.35092e-07,1.04118e-07,1.39819e-07,1.07987e-07,2.63591e-07,1.3089e-07,1.40332e-07,1.0841e-07,2.69854e-07,1.37322e-07,1.40586e-07,1.13513e-07,2.71052e-07,1.43784e-07,1.41777e-07,1.21605e-07,2.72283e-07,1.47835e-07,1.46767e-07,1.23718e-07,2.72469e-07,1.50153e-07
-97.3095,-117.628,-123.831,-103.35,-122.939,-128.814,-110.835,-124.912,-131.786,-110.864,-126.186,-132.145,-111.653,-135.188,-133.369,-111.967,-151.817,-122.67,-181.488,-127.852,-156.313,-127.078,-191.533,-138.059,-156.558,-132.003,-192.688,-144.295,-157.707,-139.812,-193.877,-148.205,-162.523,-141.852,-194.057,-150.441
0,3.14159,3.14159,3.14159,0.290855,4.91276,1.36884,0.43187,0.105058,4.37896,0.421498,5.92274,0.113365,2.61367,3.62248,0.592243,6.28319,6.28319,6.28319,6.28319,0.657086,4.82711,2.18945,5.82794,4.4625,5.05834,1.86795,5.95234,3.26173,2.95896,4.34321,1.74612,6.21688,6.00622,0.47997,2.54734
98.8682,98.126,96.6591,104.577,126.483,130.267,131.751,133.455,120.076,133.494,124.517,124.793,142.272,133.392,120.188,133.41,96.1586,103.386,93.2623,101.011,114.455,127.791,107.744,120.096,118.561,128.321,104.498,119.069,120.471,132.336,99.106,118.742,115.952,124.194,100.025,129.643
223.904,228.748,122.615,223.904,233.517,130.267,228.249,226.545,120.076,226.506,235.483,124.793,217.728,226.608,120.188,226.59,119.878,228.748,254.727,122.615,114.455,232.209,252.256,120.096,118.561,231.679,255.502,119.069,120.471,227.664,260.894,118.742,115.952,235.806,259.975,129.643
81.1318,81.874,83.3409,104.577,39.3993,49.8777,47.0065,46.3815,60.2341,38.435,57.2384,65.4132,42.1536,49.7078,60.8289,38.883,83.8414,103.386,86.7377,101.011,60.6303,44.4451,71.4645,50.4108,50.3352,54.1818,77.6748,65.017,51.8882,44.2214,70.1106,56.6974,65.9596,51.8139,80.0644,48.614
43.9042,311.229,57.374,43.9042,320.601,49.8777,47.0065,313.618,60.2341,38.435,302.762,65.4132,42.1536,310.292,60.8289,38.883,299.866,311.229,74.7386,57.374,299.37,315.555,71.4645,50.4108,309.665,305.818,77.6748,65.017,308.112,315.779,70.1106,56.6974,294.04,308.186,80.0644,48.614
