36
1.93122e-07,2.09617e-07,2.07792e-07,1.94155e-07,2.11013e-07,2.10783e-07,1.97391e-07,2.12021e-07,2.16672e-07,2.01094e-07,2.1437e-07,2.19841e-07,2.03828e-07,2.15018e-07,2.19929e-07,2.04074e-07,2.31536e-07,3.01777e-07,2.10569e-07,2.08752e-07,2.32539e-07,3.03391e-07,2.11511e-07,2.16509e-07,2.37728e-07,3.05497e-07,2.11945e-07,2.18233e-07,2.38376e-07,3.0656e-07,2.18788e-07,2.22069e-07,2.38455e-07,3.08593e-07,2.19765e-07,2.23832e-07
-103.264,-114.818,-114.362,-106.379,-120.166,-121.249,-113.502,-121.139,-126.933,-117.076,-123.406,-129.991,-119.715,-124.031,-130.075,-119.952,-133.712,-149.914,-117.645,-117.215,-138.679,-155.471,-122.554,-128.701,-143.687,-157.504,-122.973,-130.365,-144.312,-158.53,-129.578,-134.067,-144.389,-160.492,-130.52,-135.769
0,3.14159,3.14159,3.14159,0.428065,3.67306,0.730586,1.93316,4.59956,2.73057,5.63056,1.89958,0.206929,3.95795,3.67752,3.47946,6.28319,6.28319,6.28319,6.28319,1.81291,4.20078,3.85918,3.44861,4.44035,6.18667,4.96475,5.45482,1.36859,2.3793,1.20907,0.870092,0.92803,3.62606,5.9579,5.14918
94.4547,94.1035,94.1396,97.3981,149.504,151.073,158.3,157.347,153.329,162.142,155.81,155.54,158.618,164.926,152.113,167.222,93.7145,92.8491,96.8186,96.8782,140.422,126.486,157.393,158.714,149.439,126.823,152.307,157.985,147.676,128.701,150.266,151.7,138.096,123.935,152.733,141.616
195.052,207.21,153.777,195.052,210.496,151.073,201.7,202.653,153.329,197.858,204.19,155.54,201.382,195.074,152.113,192.778,143.578,231.898,207.21,153.777,140.422,233.514,202.607,158.714,149.439,233.177,207.693,157.985,147.676,231.299,209.734,151.7,138.096,236.065,207.267,141.616
85.5453,85.8965,85.8604,97.3981,20.7632,28.4732,6.86993,30.9565,22.4441,17.7579,22.265,24.0069,16.3112,23.6389,28.178,20.0852,86.2855,87.1509,96.8186,96.8782,30.9466,45.0515,27.792,17.7704,21.1601,46.9812,27.0068,22.9966,34.347,42.4676,23.2735,22.675,33.3132,47.7804,36.0431,25.6463
15.0515,332.767,26.212,15.0515,339.237,28.4732,6.86993,329.044,22.4441,17.7579,337.735,24.0069,16.3112,336.361,28.178,20.0852,323.567,51.9096,332.767,26.212,329.053,45.0515,332.208,17.7704,338.84,46.9812,332.993,22.9966,325.653,42.4676,336.726,22.675,326.687,47.7804,323.957,25.6463
36
1.61282e-07,1.80712e-07,1.78585e-07,1.62517e-07,1.85105e-07,1.83587e-07,1.63277e-07,1.86748e-07,1.8635e-07,1.65268e-07,1.87845e-07,1.87654e-07,1.72593e-07,1.89997e-07,1.90023e-07,1.729e-07,2.05736e-07,2.82462e-07,1.79702e-07,1.81815e-07,2.18137e-07,2.90877e-07,1.86111e-07,1.86271e-07,2.26131e-07,2.93375e-07,1.88539e-07,1.86698e-07,2.28585e-07,2.99988e-07,1.8928e-07,1.91857e-07,2.2922e-07,3.08252e-07,1.899e-07,1.97081e-07
-101.699,-115.383,-114.847,-105.408,-123.623,-123.674,-110.142,-125.209,-126.34,-112.063,-126.268,-127.599,-119.132,-128.345,-129.885,-119.428,-137.267,-155.054,-118.125,-118.621,-153.235,-167.175,-128.311,-126.921,-160.95,-169.586,-130.654,-127.334,-163.319,-175.969,-131.369,-132.312,-163.932,-183.943,-131.967,-137.355
0,3.14159,3.14159,3.14159,3.32148,0.377813,4.21131,4.66606,3.50606,3.11032,5.95412,5.75616,0.766759,4.73992,2.6668,5.4644,6.28319,6.28319,6.28319,6.28319,2.8072,3.04255,0.862294,5.78338,3.77212,2.20211,3.69284,0.874892,6.27233,0.0746799,3.21524,2.70227,0.685089,4.63076,3.49329,2.71877
95.3365,94.7613,94.8181,98.849,148.185,152.938,163.975,147.821,145.544,165.649,146.09,141.634,165.919,146.874,149.155,163.449,94.1811,93.0441,97.9969,97.9033,136.52,121.393,158,143.839,135.417,123.6,155.511,151.787,139.445,123.732,152.158,143.925,138.45,126.546,152.772,142.9
198.142,212.069,149.031,198.142,211.815,152.938,196.025,212.179,145.544,194.351,213.91,141.634,194.081,213.126,149.155,196.551,138.042,237.235,149.031,212.069,136.52,238.607,158,216.161,135.417,236.4,155.511,208.213,139.445,236.268,152.158,216.075,138.45,233.454,152.772,217.1
84.6635,85.2387,85.1819,98.849,23.7789,20.8616,16.6339,37.3655,23.9296,19.4026,39.8589,37.0594,18.1389,26.7694,34.0571,27.1039,85.8189,86.9559,97.9969,97.9033,41.6164,61.3458,32.2791,23.9498,36.3108,51.63,29.8554,28.2585,40.8563,66.5587,31.453,34.872,45.9638,57.1634,29.3423,30.778
18.1416,327.909,30.9578,18.1416,336.221,20.8616,16.6339,322.635,23.9296,19.4026,320.141,37.0594,18.1389,333.231,34.0571,27.1039,318.031,57.2464,30.9578,327.909,318.384,61.3458,32.2791,336.05,323.689,51.63,29.8554,331.742,319.144,66.5587,31.453,325.128,314.036,57.1634,29.3423,329.222
36
1.3019e-07,1.53611e-07,1.51097e-07,1.31718e-07,1.59783e-07,1.51781e-07,1.33204e-07,1.63442e-07,1.53536e-07,1.38273e-07,1.63648e-07,1.56401e-07,1.39114e-07,1.63725e-07,1.57732e-07,1.39953e-07,1.82395e-07,2.65936e-07,1.52415e-07,1.54908e-07,1.83961e-07,2.71089e-07,1.56354e-07,1.6386e-07,1.86323e-07,2.7364e-07,1.59435e-07,1.63903e-07,1.89691e-07,2.7777e-07,1.60124e-07,1.64048e-07,1.94451e-07,2.83405e-07,1.60272e-07,1.64682e-07
-99.8388,-116.606,-115.961,-104.4,-126.563,-120.622,-109.835,-130.094,-122.315,-114.726,-130.293,-125.081,-115.539,-130.367,-126.365,-116.348,-142.534,-162.025,-119.758,-120.337,-148.046,-170.998,-127.56,-132.976,-150.325,-173.459,-130.533,-133.018,-153.576,-177.445,-131.199,-133.158,-158.17,-182.884,-131.341,-133.77
0,3.14159,3.14159,3.14159,1.32276,6.16593,1.15892,3.30711,4.75219,3.52151,4.20163,4.04902,4.8675,5.91401,5.68714,4.94735,6.28319,6.28319,6.28319,6.28319,2.51793,3.61206,2.20158,1.8061,4.97896,4.41812,1.98137,4.68379,5.04496,5.56021,3.88698,0.202128,4.79535,4.40731,3.28109,2.04348
96.6161,95.6038,95.6974,100.941,134.001,153.277,155.243,136.922,146.427,152.215,139.599,142.823,149.427,143.554,138.152,161.412,94.7173,93.2335,99.4407,99.2874,131.262,116.062,141.646,146.699,131.569,111.298,142.653,149.45,125.656,116.113,140.074,147.009,129.52,117.004,146.134,140.946
202.745,218.72,142.482,202.745,225.999,153.277,204.757,223.078,146.427,207.785,220.401,142.823,210.573,216.446,138.152,198.588,130.998,243.296,142.482,218.72,131.262,243.938,141.646,213.301,131.569,248.702,142.653,210.55,125.656,243.887,140.074,212.991,129.52,242.996,146.134,219.054
83.3839,84.3962,84.3026,100.941,37.73,37.4969,21.2467,35.1566,36.0387,20.7547,48.4689,30.9379,19.6799,42.9169,42.6601,25.6585,85.2827,86.7665,99.4407,99.2874,60.18,67.389,37.0256,34.7531,52.2083,64.0172,39.5719,39.419,49.4058,61.6168,34.4811,39.8364,46.8995,60.2499,33.376,31.1639
22.7448,321.257,37.5064,22.7448,322.27,37.4969,21.2467,324.843,36.0387,20.7547,311.531,30.9379,19.6799,317.083,42.6601,25.6585,310.987,63.3071,37.5064,321.257,299.82,67.389,37.0256,325.247,307.792,64.0172,39.5719,320.581,310.594,61.6168,34.4811,320.164,313.101,60.2499,33.376,328.836
36
1.00546e-07,1.29454e-07,1.26451e-07,1.02516e-07,1.30205e-07,1.28222e-07,1.06765e-07,1.31647e-07,1.36249e-07,1.07889e-07,1.3228e-07,1.44151e-07,1.13432e-07,1.39771e-07,1.47817e-07,1.14366e-07,1.62575e-07,2.52749e-07,1.3099e-07,1.28023e-07,1.65203e-07,2.55213e-07,1.32278e-07,1.29722e-07,1.66861e-07,2.59378e-07,1.33698e-07,1.30949e-07,1.6931e-07,2.59708e-07,1.39247e-07,1.35882e-07,1.70094e-07,2.60647e-07,1.4505e-07,1.36921e-07
-97.5945,-119.134,-118.346,-103.447,-123.858,-124.054,-111.548,-125.251,-131.801,-112.633,-125.861,-139.427,-117.982,-133.091,-142.965,-118.884,-150.75,-171.938,-123.379,-122.701,-157.287,-178.316,-128.622,-128.341,-158.887,-182.335,-129.992,-129.525,-161.25,-182.654,-135.348,-134.286,-162.006,-183.56,-140.948,-135.288
0,3.14159,3.14159,3.14159,1.10953,4.90364,0.93447,3.33449,3.87294,0.435674,4.8888,1.93234,3.72337,1.17885,3.61553,4.19706,6.28319,6.28319,6.28319,6.28319,3.02426,6.22443,5.44329,5.68082,4.55538,1.85483,0.837593,2.92542,1.46111,1.64764,1.2626,0.531923,3.24424,1.19567,1.9906,3.90535
98.5797,96.6539,96.8126,104.115,141.634,141.115,151.453,124.362,134.287,153.586,127.715,134.875,153.194,127.442,133.756,136.953,95.2939,93.4024,101.003,101.261,135.508,109.054,136.49,140.06,123.76,119.282,127.597,135.927,126.425,108.514,142.747,131.403,120.127,111.664,121.692,128.882
210.193,228.057,133.18,210.193,218.366,141.115,208.547,235.638,134.287,206.414,232.285,134.875,206.806,232.558,133.756,223.047,122.056,250.074,228.057,133.18,135.508,250.946,223.51,140.06,123.76,240.718,232.403,135.927,126.425,251.486,217.253,131.403,120.127,248.336,238.308,128.882
81.4203,83.3461,83.1874,104.115,54.9687,51.4534,28.074,44.6706,39.7314,34.3649,44.2326,41.3792,26.1837,53.9029,39.5542,23.1931,84.7061,86.5976,101.003,101.261,56.7834,72.3193,47.7346,51.8425,50.5211,76.597,47.3173,52.0022,64.0217,66.0381,49.575,42.4433,62.5314,69.938,54.3745,32.9714
30.1928,311.92,46.8083,30.1928,305.031,51.4534,28.074,315.329,39.7314,34.3649,315.767,41.3792,26.1837,306.097,39.5542,23.1931,302.045,70.0858,311.92,46.8083,303.217,72.3193,312.265,51.8425,309.479,76.597,312.683,52.0022,295.978,66.0381,310.425,42.4433,297.469,69.938,305.625,32.9714
36
7.41064e-08,1.10193e-07,1.06639e-07,7.67578e-08,1.11088e-07,1.07562e-07,7.86425e-08,1.11694e-07,1.11795e-07,7.87293e-08,1.18648e-07,1.14615e-07,8.18927e-08,1.31148e-07,1.19905e-07,8.24169e-08,1.47702e-07,2.43442e-07,1.11993e-07,1.08498e-07,1.47788e-07,2.43953e-07,1.12989e-07,1.09236e-07,1.51491e-07,2.44132e-07,1.17141e-07,1.10812e-07,1.54168e-07,2.48729e-07,1.27828e-07,1.13264e-07,1.5484e-07,2.50307e-07,1.32436e-07,1.1427e-07
-94.9443,-124.5,-123.539,-102.803,-129.363,-128.43,-108.622,-129.949,-132.515,-108.705,-136.66,-135.237,-111.758,-148.724,-140.342,-112.264,-164.625,-187.267,-128.897,-128.118,-168.708,-191.76,-133.858,-132.831,-172.282,-191.932,-137.865,-134.352,-174.865,-196.369,-148.179,-136.717,-175.514,-197.892,-152.626,-137.688
0,3.14159,3.14159,3.14159,5.47251,6.25858,5.28898,2.43157,3.55259,6.21119,0.0120249,5.24236,5.95639,1.99818,4.8713,4.21485,6.28319,6.28319,6.28319,6.28319,0.66204,5.58016,4.81653,4.33459,2.07275,5.86941,4.28604,5.35825,1.3707,3.25577,3.15116,3.27747,0.594126,4.99535,3.81547,2.9486
101.678,97.8237,98.0861,109.008,116.792,120.791,132.157,107.265,122.795,139.478,121.513,127.859,128.869,123.939,125.977,130.863,95.8288,93.5326,102.899,103.322,113.825,103.37,121.35,124.939,118.139,98.9933,121.03,115.137,112.608,99.2909,128.039,121.197,116.098,99.5561,121.804,120.966
223.548,241.19,119.872,223.548,243.208,120.791,227.843,252.735,122.795,220.522,238.487,127.859,231.131,236.061,125.977,229.137,110.97,257.485,241.19,119.872,113.825,256.63,238.65,124.939,118.139,261.007,238.97,115.137,112.608,260.709,231.961,121.197,116.098,260.444,238.196,120.966
78.322,82.1763,81.9139,109.008,56.9505,63.1088,40.4453,67.5609,63.7854,44.0739,67.6442,62.3261,35.9407,67.9445,59.4752,47.3444,84.1712,86.4674,102.899,103.322,65.0471,75.2579,61.1994,56.6127,66.2619,76.8998,59.2262,61.7901,69.2544,83.9734,63.7238,70.0937,81.1962,77.9445,65.3779,70.2295
43.5484,298.787,60.1161,43.5484,303.05,63.1088,40.4453,292.439,63.7854,44.0739,292.356,62.3261,35.9407,292.056,59.4752,47.3444,290.958,77.4967,298.787,60.1161,294.953,75.2579,298.801,56.6127,293.738,76.8998,300.774,61.7901,290.746,83.9734,296.276,70.0937,278.804,77.9445,294.622,70.2295
36
5.56435e-08,9.87366e-08,9.47422e-08,5.91287e-08,1.00796e-07,9.50335e-08,6.33217e-08,1.00797e-07,9.60291e-08,6.53742e-08,1.02312e-07,9.79065e-08,6.77723e-08,1.07401e-07,1.02161e-07,6.84906e-08,1.39366e-07,2.3847e-07,1.00742e-07,9.68302e-08,1.51546e-07,2.43623e-07,1.01019e-07,9.84432e-08,1.53181e-07,2.45444e-07,1.05791e-07,9.96829e-08,1.56152e-07,2.50986e-07,1.15873e-07,1.0712e-07,1.61083e-07,2.53388e-07,1.16191e-07,1.07963e-07
-92.4555,-136.714,-135.607,-102.836,-142.701,-139.888,-110.882,-142.702,-140.849,-112.863,-144.164,-142.661,-115.178,-149.075,-146.767,-115.871,-191.273,-214.808,-138.359,-137.509,-207.028,-223.781,-142.626,-143.065,-208.606,-225.538,-147.233,-144.262,-211.473,-230.887,-156.962,-151.44,-216.232,-233.205,-157.269,-152.253
0,3.14159,3.14159,3.14159,2.49826,1.2189,3.87736,1.55494,1.79755,0.0853183,5.87138,3.3662,2.24292,0.711113,4.3083,1.4667,6.28319,6.28319,6.28319,6.28319,0.705718,4.05516,5.99047,3.67271,5.52711,4.89832,1.88159,5.95652,2.08197,5.21132,1.87669,0.394483,4.01743,6.25112,6.08492,3.44476
105.639,98.7382,99.1097,115.012,94.8979,96.6609,109.826,105.658,92.1692,111.5,100.436,110.02,113.013,98.4401,108.82,112.149,96.1787,93.6063,104.369,104.962,88.2961,90.6241,112.088,101.989,104.194,89.2084,96.8541,99.604,98.158,100.377,95.4201,94.8128,95.3018,96.404,110.229,107.977
248.927,258.608,101.877,248.927,265.102,96.6609,250.174,254.342,92.1692,248.5,259.564,110.02,246.987,261.56,108.82,247.851,97.9871,265.344,258.608,101.877,88.2961,269.376,247.912,101.989,104.194,270.792,263.146,99.604,98.158,259.623,264.58,94.8128,95.3018,263.596,249.771,107.977
74.3611,81.2618,80.8903,115.012,79.0941,79.3128,63.7997,89.2779,84.1837,67.0989,77.653,80.514,60.2005,75.1927,82.0987,70.6491,83.8213,86.3937,104.369,104.962,75.0916,81.9913,84.644,82.2848,83.0598,78.0642,80.6093,72.1963,84.4596,86.0628,66.3497,82.3395,81.5002,80.0836,75.2694,80.5589
68.9267,281.369,78.1119,68.9267,280.906,79.3128,63.7997,270.722,84.1837,67.0989,282.347,80.514,60.2005,284.807,82.0987,70.6491,277.976,85.3556,281.369,78.1119,284.908,81.9913,275.356,82.2848,276.94,78.0642,279.391,72.1963,275.54,86.0628,293.65,82.3395,278.5,80.0836,284.731,80.5589
46
5.40636e-08,9.78649e-08,9.38215e-08,5.76444e-08,6.02825e-08,9.90324e-08,1.11593e-07,6.48356e-08,6.50493e-08,1.00842e-07,1.13678e-07,6.56621e-08,6.64593e-08,1.01524e-07,1.20892e-07,6.59426e-08,6.91699e-08,1.02526e-07,1.2445e-07,7.38819e-08,7.30322e-08,1.38753e-07,2.38106e-07,9.98876e-08,9.59295e-08,6.35136e-08,1.391e-07,2.38611e-07,1.04565e-07,9.99819e-08,6.83098e-08,1.47263e-07,2.40027e-07,1.0921e-07,1.04518e-07,6.91408e-08,1.47976e-07,2.40136e-07,1.13789e-07,1.0552e-07,7.175e-08,1.48475e-07,2.43885e-07,1.1496e-07,1.09473e-07,7.53559e-08
-92.2053,-139.544,-138.427,-102.882,-131.757,-144.671,-159.578,-113.822,-140.358,-146.417,-161.59,-114.619,-141.719,-147.075,-168.553,-114.89,-144.335,-148.042,-171.986,-122.552,-148.062,-197.122,-220.722,-139.924,-139.069,-135.765,-201.457,-225.21,-148.439,-146.98,-144.394,-209.335,-226.577,-152.921,-151.357,-145.196,-210.023,-226.681,-157.34,-152.325,-147.714,-210.505,-230.299,-158.471,-156.14,-151.194
0,3.14159,3.14159,3.14159,3.14159,1.89363,2.13517,4.91397,3.71578,2.3278,4.74827,3.96087,5.92984,6.0916,4.85757,2.74272,4.17034,0.826991,5.48401,2.12397,3.32037,6.28319,6.28319,6.28319,6.28319,6.28319,2.54002,0.316587,3.21132,2.61339,1.9598,0.29654,0.788123,5.55077,5.72567,1.27242,2.79613,0.734789,1.48087,5.72889,5.95619,0.882925,5.38381,2.4017,2.98044,2.24746
106.108,98.8166,99.1998,115.702,104.408,90.8313,79.082,77.285,80.3569,79.4882,74.8135,71.7049,71.7438,89.0815,78.0488,82.2266,78.417,77.1405,71.3782,76.0659,77.4362,96.2061,93.6119,104.494,105.106,113.18,87.0962,80.8078,82.6317,86.2338,79.4018,80.3271,88.399,83.7236,83.8904,68.9379,79.9588,74.8036,76.2979,91.3821,72.1258,89.0653,75.1985,78.3985,86.8352,68.7921
285.713,278.358,81.255,285.713,76.059,269.169,79.082,282.715,80.3569,280.512,74.8135,288.295,71.7438,270.919,78.0488,277.773,78.417,282.859,71.3782,283.934,77.4362,84.1411,273.381,278.358,81.255,76.059,87.0962,279.192,277.368,86.2338,79.4018,80.3271,271.601,276.276,83.8904,68.9379,79.9588,285.196,283.702,91.3821,72.1258,89.0653,284.801,281.601,86.8352,68.7921
73.8919,81.1834,80.8002,115.702,75.5918,102.539,100.987,118.601,101.554,102.5,101.743,99.7541,106.426,85.7161,106.581,100.087,94.8093,92.34,105.031,104.13,105.329,83.7939,86.3881,104.494,105.106,113.18,100.286,97.4432,98.0674,104.142,106.045,90.8424,89.8916,94.9478,107.886,110.435,96.9001,84.5659,104.489,101.528,103.81,93.3085,93.7758,97.2564,94.5596,107.425
105.713,261.619,98.7335,105.713,103.941,257.461,100.987,118.601,101.554,257.5,101.743,99.7541,106.426,274.284,106.581,100.087,94.8093,267.66,105.031,104.13,105.329,264.13,93.3926,261.619,98.7335,103.941,259.714,97.4432,261.933,104.142,106.045,269.158,89.8916,265.052,107.886,110.435,263.1,84.5659,255.511,101.528,103.81,266.691,93.7758,262.744,94.5596,107.425
31
7.05107e-08,1.07835e-07,1.04169e-07,7.32923e-08,1.10678e-07,1.05559e-07,7.42897e-08,1.11612e-07,1.07823e-07,7.89004e-08,1.21247e-07,1.08178e-07,7.9365e-08,1.21725e-07,1.13763e-07,8.01641e-08,2.4237e-07,1.09674e-07,1.06071e-07,2.43531e-07,1.14186e-07,1.07042e-07,2.47026e-07,1.2359e-07,1.07841e-07,2.48057e-07,1.32229e-07,1.10349e-07,2.57181e-07,1.33472e-07,1.16344e-07
-94.5123,-125.795,-124.803,-102.758,-132.538,-130.144,-107.721,-133.44,-132.33,-112.171,-142.739,-132.673,-112.619,-143.2,-138.063,-113.39,-190.469,-130.097,-129.301,-195.59,-138.452,-134.237,-198.963,-147.527,-135.009,-199.958,-155.865,-137.429,-208.764,-157.065,-143.215
0,3.14159,3.14159,3.14159,1.36048,1.19589,0.591904,2.17386,2.2175,2.16381,2.49376,3.91062,3.34316,3.22816,3.59052,3.32829,6.28319,6.28319,6.28319,0.536077,4.67566,2.71924,5.03113,4.84295,6.06933,4.97272,5.23499,3.72271,5.6183,0.130601,2.95471
102.283,97.9959,98.2792,109.944,68.2258,71.978,42.1921,56.4452,61.6021,43.4589,61.8944,55.0778,44.1652,61.9914,57.633,46.5727,93.5482,103.176,103.632,74.6683,68.4469,67.9662,83.2487,73.4927,67.7653,82.1356,62.4806,56.8,78.4136,60.0613,52.4525
313.471,296.346,62.6154,313.471,291.774,71.978,317.808,303.555,61.6021,316.541,298.106,55.0778,315.835,298.009,57.633,313.427,281.287,296.346,62.6154,285.332,291.553,67.9662,276.751,286.507,67.7653,277.864,297.519,56.8,281.586,299.939,52.4525
77.7174,82.0041,81.7208,109.944,111.108,112.658,132.044,118.953,107.502,143.713,112.474,105.431,132.244,114.821,118.451,136.21,86.4518,103.176,103.632,99.3829,116.558,117.193,100.169,112.341,117.826,97.7166,128.683,115.651,103.248,109.501,109.004
133.471,243.631,117.373,133.471,248.892,112.658,132.044,241.047,107.502,143.713,247.526,105.431,132.244,245.179,118.451,136.21,101.299,243.631,117.373,99.3829,243.442,117.193,100.169,247.659,117.826,97.7166,231.317,115.651,103.248,250.499,109.004
36
9.61399e-08,1.26101e-07,1.22971e-07,9.81981e-08,1.28727e-07,1.25132e-07,1.00157e-07,1.30723e-07,1.32649e-07,1.02878e-07,1.32392e-07,1.32683e-07,1.07703e-07,1.3243e-07,1.42233e-07,1.26007e-07,1.59931e-07,2.51026e-07,1.27677e-07,1.24587e-07,1.6163e-07,2.59834e-07,1.29359e-07,1.37396e-07,1.61855e-07,2.60584e-07,1.33008e-07,1.42515e-07,1.6442e-07,2.62746e-07,1.36613e-07,1.43857e-07,1.66821e-07,2.68913e-07,1.43715e-07,1.47917e-07
-97.2053,-119.728,-118.906,-103.317,-126.263,-124.991,-109.207,-128.189,-132.246,-111.833,-129.8,-132.278,-116.49,-129.837,-141.496,-134.155,-152.444,-173.868,-124.039,-123.339,-158.084,-186.369,-129.662,-139.701,-158.3,-187.092,-133.184,-144.641,-160.776,-189.179,-136.663,-145.936,-163.093,-195.131,-143.517,-149.855
0,3.14159,3.14159,3.14159,5.26558,2.51806,5.70939,5.29348,0.883436,2.17198,3.27737,6.13434,3.50703,3.73291,4.62304,0.208051,6.28319,6.28319,6.28319,6.28319,3.10044,3.61868,5.83293,4.6119,0.404299,5.18346,2.78339,6.15214,4.91003,2.97715,6.24277,4.83385,1.03332,0.809199,3.20822,5.1666
98.9761,96.8316,97.0064,104.749,52.2551,44.0687,29.7885,51.8515,41.6425,38.7574,49.2469,38.8568,29.2074,51.0803,46.6296,32.114,95.3817,93.4257,101.292,101.576,53.5413,79.4388,45.7225,48.0457,62.2024,78.511,56.3846,51.0359,61.3813,77.1108,47.5224,51.1585,55.3515,68.9374,42.8764,50.2259
328.229,310.146,48.5797,328.229,307.745,44.0687,330.211,308.149,41.6425,321.243,310.753,38.8568,330.793,308.92,46.6296,327.886,59.5275,288.783,310.146,48.5797,53.5413,280.561,314.277,48.0457,62.2024,281.489,303.615,51.0359,61.3813,282.889,312.478,51.1585,55.3515,291.063,317.124,50.2259
81.0239,83.1684,82.9936,104.749,131.721,126.491,144.636,130.631,129.587,146.274,130.783,124.948,146.874,128.201,139.637,158.331,84.6183,86.5743,101.292,101.576,121.498,104.217,126.995,131.091,118.66,117.815,136.36,135.314,124.188,109.673,131.629,126.531,119.621,99.0017,132.442,130.855
148.229,229.831,131.409,148.229,228.279,126.491,144.636,229.369,129.587,146.274,229.217,124.948,146.874,231.799,139.637,158.331,239.516,108.794,229.831,131.409,238.502,104.217,233.005,131.091,241.34,117.815,223.64,135.314,235.812,109.673,228.371,126.531,240.379,99.0017,227.558,130.855
36
1.25444e-07,1.49655e-07,1.4702e-07,1.27028e-07,1.49905e-07,1.62265e-07,1.35915e-07,1.53166e-07,1.63419e-07,1.35948e-07,1.55712e-07,1.63687e-07,1.39803e-07,1.56648e-07,1.81694e-07,1.42989e-07,1.79092e-07,2.63642e-07,1.50986e-07,1.48374e-07,1.79868e-07,2.67324e-07,1.51551e-07,1.4875e-07,1.80549e-07,2.68383e-07,1.58649e-07,1.49578e-07,1.81479e-07,2.69963e-07,1.61604e-07,1.51088e-07,1.82902e-07,2.73859e-07,1.64471e-07,1.5246e-07
-99.5162,-116.897,-116.221,-104.244,-121.137,-134.934,-116.82,-124.285,-136.048,-116.852,-126.742,-136.307,-120.573,-127.645,-153.685,-123.648,-143.588,-163.332,-120.708,-120.106,-148.337,-170.886,-125.254,-124.468,-148.994,-171.908,-132.104,-125.267,-149.891,-173.433,-134.956,-126.725,-151.265,-177.193,-137.723,-128.049
0,3.14159,3.14159,3.14159,2.34021,2.1963,2.2381,2.6039,1.5244,3.11148,3.80755,2.52376,6.18669,0.345926,0.912643,4.36247,6.28319,6.28319,6.28319,6.28319,0.081315,2.6802,3.78777,2.96007,1.79748,4.94844,4.1761,4.31882,0.524895,2.53297,2.27703,0.870473,5.97624,2.68472,2.01145,1.3568
96.8676,95.7524,95.8559,101.35,41.8476,27.79,25.4753,39.0937,40.0217,16.271,42.5734,40.6672,21.188,30.6366,38.0771,30.6446,94.8045,93.2616,99.5308,99.7002,43.1595,74.1227,44.3663,33.6794,46.5063,68.2584,42.4123,40.0504,40.9918,63.9023,42.7304,39.8217,53.3048,61.628,51.4306,39.8039
336.33,319.995,38.7373,336.33,318.152,27.79,334.525,320.906,40.0217,343.729,317.427,40.6672,338.812,329.363,38.0771,329.355,50.2648,295.669,319.995,38.7373,43.1595,285.877,315.634,33.6794,46.5063,291.742,317.588,40.0504,40.9918,296.098,317.27,39.8217,53.3048,298.372,308.569,39.8039
83.1324,84.2476,84.1441,101.35,142.853,141.102,149.328,139.96,148.974,151.336,138.191,141.454,156.458,141.206,153.233,162.193,85.1955,86.7384,99.5308,99.7002,132.522,115.136,135.627,136.703,128.912,115.945,139.917,138.527,124.28,104.487,141.127,148.409,132.763,118.813,130.629,132.919
156.33,219.982,141.251,156.33,217.147,141.102,149.328,220.04,148.974,151.336,221.809,141.454,156.458,218.794,153.233,162.193,230.253,115.68,219.982,141.251,227.478,115.136,224.373,136.703,231.088,115.945,220.083,138.527,235.72,104.487,218.873,148.409,227.237,118.813,229.371,132.919
