36
1.32749e-07,1.59625e-07,1.40464e-07,1.33125e-07,1.60739e-07,1.4477e-07,1.3963e-07,1.6448e-07,1.48344e-07,1.45932e-07,1.64589e-07,1.49467e-07,1.48647e-07,1.72839e-07,1.59873e-07,1.52558e-07,2.76369e-07,1.70134e-07,1.40819e-07,1.59937e-07,2.76716e-07,1.72834e-07,1.42394e-07,1.62186e-07,2.82573e-07,1.7548e-07,1.43937e-07,1.63493e-07,2.83376e-07,1.82417e-07,1.46568e-07,1.64775e-07,2.84477e-07,1.86003e-07,1.5179e-07,1.71464e-07
-100.008,-118.87,-113.939,-101.854,-123.946,-122.095,-112.132,-127.556,-125.544,-118.214,-127.661,-126.628,-120.834,-135.623,-136.67,-124.609,-165.044,-139.984,-115.647,-120.365,-169.379,-146.589,-121.167,-126.534,-175.031,-149.143,-122.656,-127.796,-175.806,-155.837,-125.195,-129.033,-176.869,-159.299,-130.235,-135.489
0,3.14159,3.14159,3.14159,0.403147,4.63676,5.71817,2.30343,2.59753,1.0852,3.06995,0.0195193,5.54982,0.816904,5.13578,3.93845,6.28319,6.28319,6.28319,6.28319,3.70471,5.26123,5.92929,5.93068,4.35376,3.15993,2.7007,4.17247,6.2672,2.09101,1.57281,1.55538,4.26525,0.732042,0.492538,5.6923
90,90,90,94.308,43.3466,30.564,29.0982,50.816,31.4965,29.9409,43.9367,37.0619,32.9296,43.6407,20.8758,23.7691,90,90,94.0722,93.5847,60.4936,48.8867,37.1625,43.7711,56.2423,44.448,24.0534,47.1437,64.7379,50.6855,28.307,48.4317,59.8977,42.7967,35.3096,45.5281
28.4956,316.942,33.8403,28.4956,316.653,30.564,29.0982,309.184,31.4965,29.9409,316.063,37.0619,32.9296,316.359,20.8758,23.7691,65.0298,313.275,33.8403,316.942,60.4936,311.113,37.1625,316.229,56.2423,315.552,24.0534,312.856,64.7379,309.314,28.307,311.568,59.8977,317.203,35.3096,314.472
90,90,90,94.308,137.22,142.06,151.033,133.748,138.842,156.698,148.804,149.903,156.84,134.674,155.833,156.491,90,90,94.0722,93.5847,120.451,134.698,143.339,141.643,115.908,125.666,149.413,142.961,127.838,133.088,140.228,136.334,124.533,130.419,147.366,144.952
208.496,223.035,146.148,208.496,222.78,142.06,208.967,226.252,138.842,203.302,211.196,149.903,203.16,225.326,155.833,203.509,245.018,133.287,146.148,223.035,239.549,134.698,143.339,218.357,244.092,125.666,149.413,217.039,232.162,133.088,140.228,223.666,235.467,130.419,147.366,215.048
36
8.06915e-08,1.19877e-07,9.28427e-08,8.13087e-08,1.24976e-07,9.57466e-08,8.21461e-08,1.25371e-07,9.58702e-08,8.62217e-08,1.26306e-07,9.60185e-08,8.73642e-08,1.27433e-07,9.65168e-08,9.75099e-08,2.5547e-07,1.33559e-07,9.33797e-08,1.20294e-07,2.65298e-07,1.37031e-07,9.70567e-08,1.22416e-07,2.68232e-07,1.38104e-07,9.78939e-08,1.24177e-07,2.69036e-07,1.38525e-07,1.0007e-07,1.28263e-07,2.69122e-07,1.39742e-07,1.0229e-07,1.33403e-07
-95.6838,-128.692,-121.316,-98.6861,-137.613,-128.119,-103.494,-137.994,-128.238,-107.428,-138.896,-128.381,-108.53,-139.984,-128.862,-118.322,-192.611,-163.34,-123.641,-130.419,-206.095,-170.691,-131.19,-136.467,-208.926,-171.726,-131.998,-138.167,-209.703,-172.133,-134.098,-142.109,-209.785,-173.308,-136.241,-147.07
0,3.14159,3.14159,3.14159,5.3609,0.25184,5.40931,0.264212,2.93526,5.56003,5.21898,0.199283,2.79034,5.85394,3.74811,2.68931,6.28319,6.28319,6.28319,6.28319,0.854799,3.72665,3.85358,0.325332,5.39363,4.88516,2.37663,3.21774,3.33982,1.05556,1.77627,5.47428,4.87518,3.99716,5.23371,4.13924
90,90,90,97.0646,58.9326,59.3039,57.1129,67.4673,52.9458,48.3835,66.7221,57.2132,46.0527,66.8404,61.1795,46.7963,90,90,96.1476,94.7685,78.6169,60.1577,53.7211,70.3975,84.7122,77.4868,57.5066,61.734,73.1218,59.0502,52.3219,73.7154,77.1724,74.4651,55.168,63.6576
51.7098,294.633,57.4142,51.7098,301.067,59.3039,57.1129,292.533,52.9458,48.3835,293.278,57.2132,46.0527,293.16,61.1795,46.7963,78.713,291.967,57.4142,294.633,78.6169,299.842,53.7211,289.602,84.7122,282.513,57.5066,298.266,73.1218,300.95,52.3219,286.285,77.1724,285.535,55.168,296.342
90,90,90,97.0646,115.142,119.384,121.736,125.003,124.007,123.811,109.449,121.758,124.977,118.707,122.141,124.89,90,90,96.1476,94.7685,105.317,114.822,126.1,111.1,101.714,109.933,117.346,109.632,105.388,99.7865,126.063,121.84,98.6947,114.389,123.85,118.638
231.71,245.344,122.574,231.71,244.858,119.384,238.264,234.997,124.007,236.189,250.551,121.758,235.023,241.293,122.141,235.11,258.702,111.979,122.574,245.344,254.683,114.822,126.1,248.9,258.286,109.933,117.346,250.368,254.612,99.7865,126.063,238.16,261.305,114.389,123.85,241.362
36
6.54896e-08,1.10227e-07,7.99899e-08,6.62487e-08,1.11684e-07,8.73379e-08,6.66157e-08,1.11739e-07,8.75564e-08,7.25061e-08,1.1618e-07,8.84793e-08,7.99385e-08,1.19279e-07,1.06566e-07,8.40117e-08,2.51076e-07,1.24978e-07,8.06126e-08,1.1068e-07,2.62358e-07,1.27081e-07,8.12759e-08,1.10688e-07,2.64349e-07,1.27677e-07,8.35442e-08,1.15333e-07,2.71264e-07,1.2866e-07,8.82354e-08,1.16456e-07,2.73846e-07,1.32153e-07,9.28825e-08,1.18825e-07
-93.8707,-146.396,-137.942,-97.5477,-151.803,-149.033,-101.902,-151.855,-149.244,-107.587,-156.141,-150.135,-114.76,-159.132,-167.59,-118.691,-230.343,-199.916,-138.358,-145.974,-245.231,-205.946,-142.998,-149.982,-247.152,-206.521,-145.187,-154.464,-253.826,-207.47,-149.715,-155.549,-256.318,-210.841,-154.2,-157.835
0,3.14159,3.14159,3.14159,6.14217,4.60516,5.87699,4.61607,4.76028,3.47463,5.10267,0.32672,3.74736,4.81669,1.39426,1.7626,6.28319,6.28319,6.28319,6.28319,1.61057,1.00491,5.5407,2.21728,3.56739,5.99972,1.36626,0.047518,1.24586,5.89125,4.31947,6.12413,3.40037,5.73143,2.69485,4.15778
90,90,90,98.6818,95.756,103.645,104.476,99.0389,100.156,109.231,94.6852,97.7038,108.296,105.994,98.8286,95.1353,90,90,97.1259,95.1838,102.513,98.0598,105.304,98.6885,90.8202,98.4082,95.1654,92.6765,95.2206,91.4485,98.3129,94.6498,99.8437,104.49,105.24,94.3106
104.744,261.285,102.025,104.744,264.244,103.645,104.476,260.961,100.156,109.231,265.315,97.7038,108.296,254.006,98.8286,95.1353,93.8058,262.318,102.025,261.285,102.513,261.94,105.304,261.312,90.8202,261.592,95.1654,267.324,95.2206,268.551,98.3129,265.35,99.8437,255.51,105.24,265.689
90,90,90,98.6818,82.7993,70.1064,81.051,84.2606,80.0101,67.6252,86.3998,88.8638,64.7323,88.5275,74.7839,72.2461,90,90,97.1259,95.1838,91.14,88.4593,77.5618,91.9307,81.7166,75.6795,84.6802,81.8382,87.9247,80.8845,84.7419,78.255,92.3568,81.2983,83.0341,86.6468
284.744,278.692,77.9634,284.744,277.201,70.1064,278.949,275.739,80.0101,292.375,273.6,88.8638,295.268,271.472,74.7839,287.754,273.794,82.3298,77.9634,278.692,268.86,88.4593,77.5618,268.069,278.283,75.6795,84.6802,278.162,272.075,80.8845,84.7419,281.745,267.643,81.2983,83.0341,273.353
36
1.04669e-07,1.3718e-07,1.14306e-07,1.05145e-07,1.39712e-07,1.15202e-07,1.07503e-07,1.48465e-07,1.17142e-07,1.11216e-07,1.49527e-07,1.18417e-07,1.16725e-07,1.52224e-07,1.18768e-07,1.18962e-07,2.64012e-07,1.49297e-07,1.14743e-07,1.37544e-07,2.70858e-07,1.49322e-07,1.17658e-07,1.40642e-07,2.72346e-07,1.57547e-07,1.18622e-07,1.43934e-07,2.73692e-07,1.6004e-07,1.18642e-07,1.50354e-07,2.75463e-07,1.6285e-07,1.21269e-07,1.50502e-07
-97.9436,-122.071,-116.032,-100.273,-128.515,-120.897,-106.549,-136.962,-122.769,-110.132,-137.987,-124,-115.449,-140.59,-124.338,-117.608,-175.626,-148.32,-118.08,-123.757,-186.233,-152.344,-124.894,-130.746,-187.669,-160.282,-125.824,-133.923,-188.968,-162.687,-125.844,-140.12,-190.677,-165.399,-128.379,-140.263
0,3.14159,3.14159,3.14159,0.139303,6.12273,5.43563,1.74144,0.656902,4.5533,3.64757,2.2819,4.81328,0.783724,0.453755,1.83146,6.28319,6.28319,6.28319,6.28319,0.0442794,1.9103,3.88606,4.52615,2.19941,3.77556,0.400565,4.9108,2.86881,5.17221,5.13373,2.01025,0.332385,0.413724,3.2193,1.59314
90,90,90,95.4574,129.292,127.388,137.673,127.311,143.008,140.075,135.605,136.005,139.292,120.066,138.926,150.57,90,90,94.9998,94.1693,106.214,130.225,142.341,126.28,111.887,127.529,134.803,126.809,114.663,121.787,137.711,133.378,108.621,134.95,133.806,131.108
142.765,232.575,136.805,142.765,230.708,127.388,137.673,232.689,143.008,140.075,224.395,136.005,139.292,239.934,138.926,150.57,108.399,236.053,136.805,232.575,106.214,229.775,142.341,233.72,111.887,232.471,134.803,233.191,114.663,238.213,137.711,226.622,108.621,225.05,133.806,228.892
90,90,90,95.4574,51.5137,59.446,33.254,58.9324,38.4896,37.4123,49.8038,42.8004,34.7461,56.3311,33.9754,31.8722,90,90,94.9998,94.1693,72.4848,57.6965,40.5335,47.1907,75.8906,56.6884,37.0486,49.3419,75.9435,50.0554,44.0142,52.9289,64.2299,57.519,47.6397,48.8147
322.765,307.402,43.184,322.765,308.486,59.446,326.746,301.068,38.4896,322.588,310.196,42.8004,325.254,303.669,33.9754,328.128,288.388,56.064,43.184,307.402,287.515,57.6965,40.5335,312.809,284.109,56.6884,37.0486,310.658,284.056,50.0554,44.0142,307.071,295.77,57.519,47.6397,311.185
31
1.58114e-07,1.77896e-07,1.75744e-07,1.5843e-07,1.7999e-07,1.77945e-07,1.7035e-07,1.82467e-07,1.78646e-07,1.7197e-07,1.8291e-07,1.78871e-07,1.7245e-07,1.84346e-07,1.84917e-07,1.75974e-07,2.80626e-07,1.76028e-07,1.78177e-07,2.90972e-07,1.76912e-07,1.91248e-07,2.96409e-07,1.79771e-07,1.93896e-07,2.98177e-07,1.79931e-07,1.97704e-07,2.99262e-07,1.80492e-07,2.06087e-07
-101.527,-115.466,-114.925,-103.082,-121.487,-121.049,-118.586,-123.877,-121.725,-120.149,-124.305,-121.943,-120.613,-125.691,-127.778,-124.014,-155.648,-116.304,-116.828,-169.632,-121.157,-133.443,-174.879,-123.916,-135.998,-176.586,-124.07,-139.673,-177.633,-124.612,-147.764
0,3.14159,3.14159,3.14159,5.92479,4.67721,2.92857,3.49475,2.88806,5.41568,4.79412,3.4361,0.960533,5.30342,6.00601,5.534,6.28319,6.28319,6.28319,0.659289,3.00657,0.370765,1.13286,5.52761,2.58316,2.78132,5.16861,5.89583,4.37967,3.33454,6.15756
90,90,90,93.6189,145.545,152.016,157.795,139.447,148.206,156.743,146.396,146.8,156.671,136.213,148.064,159.765,90,93.2567,93.2174,123.602,150.36,146.621,114.83,150.258,145.263,118.676,145.558,142.751,116.638,149.341,143.256
161.565,212.504,148.593,161.565,214.455,152.016,157.795,220.553,148.206,156.743,213.604,146.8,156.671,223.787,148.064,159.765,122.31,148.593,212.504,123.602,150.36,213.379,114.83,150.258,214.737,118.676,145.558,217.249,116.638,149.341,216.744
90,90,90,93.6189,26.9605,31.2092,14.6812,37.3785,33.0609,15.0083,25.9677,32.5824,21.5411,24.5842,37.0091,18.4213,90,93.2567,93.2174,60.9583,32.8972,30.5567,60.9274,35.4196,32.7854,53.9368,32.729,30.7834,65.3415,22.345,42.4819
341.565,327.473,31.3951,341.565,333.04,31.2092,345.319,322.621,33.0609,344.992,334.032,32.5824,338.459,335.416,37.0091,341.579,302.299,31.3951,327.473,299.042,32.8972,329.443,299.073,35.4196,327.215,306.063,32.729,329.217,294.658,22.345,317.518
31
1.84089e-07,1.85604e-07,2.42172e-07,1.84361e-07,1.87872e-07,2.42326e-07,1.86243e-07,1.89762e-07,2.42869e-07,1.86994e-07,1.94063e-07,2.46315e-07,1.8739e-07,2.00596e-07,2.46735e-07,1.87725e-07,1.85873e-07,2.74195e-07,2.42378e-07,1.91189e-07,2.76278e-07,2.47105e-07,1.9439e-07,2.79522e-07,2.47631e-07,1.96252e-07,2.80282e-07,2.48437e-07,1.98999e-07,2.8349e-07,2.50831e-07
-102.848,-106.819,-121.519,-104.187,-113.007,-125.668,-110.003,-114.831,-126.192,-110.727,-118.982,-129.518,-111.11,-125.287,-129.923,-111.433,-108.141,-145.372,-122.523,-117.271,-151.382,-131.085,-120.36,-154.512,-131.592,-122.158,-155.246,-132.37,-124.809,-158.342,-134.681
0,3.14159,3.14159,3.14159,5.31773,0.0591718,2.56375,0.392799,4.86467,3.25757,4.82961,1.96649,1.98028,1.1667,0.621802,4.02513,6.28319,6.28319,6.28319,2.75074,4.43285,5.28615,4.63032,3.08536,0.134795,2.7522,3.49445,3.14579,2.71384,2.27135,2.26124
90,90,90,93.1093,172.399,144.313,176.942,168.428,140.126,174.331,162.387,143.616,177.457,167.557,142.773,166.713,93.084,90,92.3646,171.595,140.609,141.647,165.608,128.418,144.058,178.757,143.156,141.516,176.085,135.07,149.496
185.194,188.967,139.197,185.194,187.601,144.313,183.058,191.572,140.126,185.669,197.613,143.616,182.543,192.443,142.773,193.287,188.967,228.024,139.197,188.405,219.391,141.647,194.392,231.582,144.058,181.243,216.844,141.516,183.915,224.93,149.496
90,90,90,93.1093,11.3928,31.0226,3.50143,9.35307,41.8622,1.88808,18.2527,42.2575,0.246842,13.0617,39.853,15.7099,93.084,90,92.3646,7.22493,46.7138,41.5683,8.65548,42.5016,37.2119,12.3645,51.9619,44.4684,11.1519,57.2812,43.0737
5.19443,351.01,40.791,5.19443,348.607,31.0226,3.50143,350.647,41.8622,1.88808,341.747,42.2575,0.246842,346.938,39.853,15.7099,351.01,48.0351,40.791,352.775,46.7138,41.5683,351.345,42.5016,37.2119,347.635,51.9619,44.4684,348.848,57.2812,43.0737
36
1.84089e-07,1.85606e-07,2.42167e-07,1.84361e-07,1.87164e-07,2.44182e-07,1.84626e-07,1.87997e-07,2.50553e-07,1.86202e-07,1.92216e-07,2.51694e-07,1.96704e-07,1.94718e-07,2.6222e-07,1.97227e-07,2.50361e-07,1.85875e-07,2.742e-07,2.42374e-07,2.53056e-07,1.87897e-07,2.75921e-07,2.44821e-07,2.61292e-07,1.88205e-07,2.81006e-07,2.44925e-07,2.6139e-07,1.8941e-07,2.82363e-07,2.45084e-07,2.62204e-07,1.89922e-07,2.8664e-07,2.47219e-07
-102.848,-106.82,-121.519,-104.187,-112.324,-127.463,-108.443,-113.128,-133.611,-109.964,-117.2,-134.712,-120.099,-119.614,-144.871,-120.604,-139.934,-108.143,-145.373,-122.522,-146.535,-114.094,-151.034,-128.884,-154.484,-114.392,-155.941,-128.985,-154.579,-115.555,-157.251,-129.138,-155.364,-116.049,-161.379,-131.198
0,3.14159,3.14159,3.14159,4.83809,5.62112,1.33683,0.16133,1.15733,0.401674,1.17555,0.459028,2.4708,6.08408,0.113837,1.36435,6.28319,6.28319,6.28319,6.28319,0.818419,2.39788,2.33214,4.46093,3.58069,0.928776,4.4901,4.61119,4.57371,4.68403,5.25522,1.18822,0.620135,4.32814,3.57574,1.58483
90,90,90,93.1093,176.1,135.506,165.659,179.254,134.287,169.755,170.226,132.674,175.939,166.66,146.262,174.764,90,93.084,90,92.3646,123.636,170.428,138.677,146.785,133.756,165.989,130.451,146.511,137.97,170.682,131.125,141.357,137.685,175.596,128.082,128.817
185.194,188.971,139.199,185.194,183.9,135.506,194.341,180.746,134.287,190.245,189.774,132.674,184.061,193.34,146.262,185.236,137.072,188.971,228.025,139.199,123.636,189.572,221.323,146.785,133.756,194.011,229.549,146.511,137.97,189.318,228.875,141.357,137.685,184.404,231.918,128.817
90,90,90,93.1093,10.5238,38.2345,2.44344,7.55032,35.946,4.12699,8.53015,38.9814,13.0902,5.73241,51.0918,9.30315,90,93.084,90,92.3646,44.8423,12.1746,45.1432,31.5448,43.6824,5.43807,42.8463,41.5907,44.5081,6.97517,53.4072,41.1179,47.8568,14.2338,46.8199,38.9975
5.19443,351.006,40.7899,5.19443,349.476,38.2345,2.44344,352.45,35.946,4.12699,351.47,38.9814,13.0902,354.268,51.0918,9.30315,317.06,351.006,48.0361,40.7899,315.158,347.825,45.1432,31.5448,316.318,354.562,42.8463,41.5907,315.492,353.025,53.4072,41.1179,312.143,345.766,46.8199,38.9975
36
1.84089e-07,1.85608e-07,2.42163e-07,1.84361e-07,1.88612e-07,2.42212e-07,1.85371e-07,1.92188e-07,2.43543e-07,1.85729e-07,1.94972e-07,2.43993e-07,1.89018e-07,1.96252e-07,2.55065e-07,1.94914e-07,2.50365e-07,1.85877e-07,2.74205e-07,2.42369e-07,2.59102e-07,1.93416e-07,2.75213e-07,2.47817e-07,2.59721e-07,1.95946e-07,2.78705e-07,2.495e-07,2.67248e-07,1.97942e-07,2.79901e-07,2.59715e-07,2.75645e-07,1.98608e-07,2.85316e-07,2.65822e-07
-102.848,-106.822,-121.518,-104.187,-113.721,-125.565,-109.162,-117.172,-126.849,-109.507,-119.859,-127.284,-112.681,-121.095,-137.97,-118.372,-139.935,-108.145,-145.374,-122.521,-152.367,-119.421,-150.347,-131.779,-152.964,-121.862,-153.717,-133.403,-160.229,-123.789,-154.871,-143.261,-168.333,-124.431,-160.097,-149.156
0,3.14159,3.14159,3.14159,2.40683,0.480381,1.70677,5.933,4.5074,5.53193,0.028997,2.87041,0.0865689,5.45904,4.95932,4.65333,6.28319,6.28319,6.28319,6.28319,0.696673,4.36357,5.61439,2.97697,2.88148,2.56005,1.25796,1.11963,2.19915,5.00807,1.89248,5.83541,4.62197,1.97451,4.87177,2.79477
90,90,90,93.1093,171.564,140.781,173.179,170.669,144.291,174.62,171.004,137.472,172.44,174.811,141.747,179.62,90,93.0839,90,92.3647,140.981,164.08,129.912,136.572,133.477,164.542,127.688,136.124,130.942,173.265,136.683,149.82,148.668,171.134,134.446,138.153
185.194,188.975,139.2,185.194,188.436,140.781,186.821,189.331,144.291,174.62,188.996,137.472,187.56,185.189,141.747,180.38,137.071,188.975,228.026,139.2,140.981,195.92,230.088,136.572,133.477,195.458,232.312,136.124,130.942,186.735,223.317,149.82,148.668,188.866,225.554,138.153
90,90,90,93.1093,14.499,32.387,8.69141,10.0707,28.3472,4.12318,11.4093,41.721,3.39993,8.54002,33.8413,3.85784,90,93.0839,90,92.3647,49.7869,8.02868,53.8252,41.6334,37.655,5.19949,49.0392,44.0988,41.9747,8.41,44.3531,49.2648,47.6485,18.9702,46.9847,39.9382
5.19443,351.002,40.7887,5.19443,345.501,32.387,8.69141,349.929,28.3472,4.12318,348.591,41.721,3.39993,351.46,33.8413,3.85784,317.059,351.002,48.037,40.7887,310.213,351.971,53.8252,41.6334,322.345,354.801,49.0392,44.0988,318.025,351.59,44.3531,49.2648,312.352,341.03,46.9847,39.9382
36
1.84089e-07,1.8561e-07,2.42159e-07,1.84361e-07,1.9068e-07,2.42237e-07,1.85253e-07,1.95163e-07,2.44587e-07,1.87452e-07,1.98417e-07,2.44638e-07,1.89869e-07,2.04972e-07,2.46198e-07,1.9517e-07,2.5037e-07,1.85879e-07,2.7421e-07,2.42365e-07,2.5201e-07,1.88414e-07,2.75416e-07,2.44151e-07,2.53502e-07,1.96956e-07,2.75531e-07,2.44168e-07,2.61623e-07,1.97684e-07,2.76482e-07,2.47531e-07,2.62831e-07,1.97895e-07,2.8162e-07,2.51646e-07
-102.848,-106.824,-121.517,-104.187,-115.716,-125.592,-109.047,-120.043,-127.861,-111.17,-123.183,-127.91,-113.503,-129.51,-129.416,-118.619,-139.936,-108.146,-145.375,-122.521,-145.519,-114.593,-150.539,-128.244,-146.96,-122.836,-150.65,-128.261,-154.797,-123.539,-151.568,-131.507,-155.962,-123.742,-156.526,-135.478
0,3.14159,3.14159,3.14159,4.62557,4.98314,1.69621,5.95816,5.36989,3.5653,1.75588,4.05187,6.15495,4.6529,1.62342,4.3821,6.28319,6.28319,6.28319,6.28319,2.1141,2.21135,2.72277,0.412718,0.129971,5.92281,5.16315,4.42168,1.8025,5.46029,2.88682,5.80583,6.22983,1.02624,0.628481,0.909303
90,90,90,93.1093,162.937,131.507,164.532,173.384,144.464,177.83,177.649,132.946,168.877,174.848,138.095,178.171,90,93.0839,90,92.3647,138.261,168.531,130.063,134.387,133.911,166.844,136.383,143.27,135.392,173.181,131.685,140.125,141.434,171.783,122.05,137.184
185.194,188.979,139.201,185.194,197.063,131.507,195.468,186.616,144.464,182.17,182.351,132.946,191.123,185.152,138.095,181.829,137.07,188.979,228.026,139.201,138.261,191.469,229.937,134.387,133.911,193.156,223.617,143.27,135.392,186.819,228.315,140.125,141.434,188.217,237.95,137.184
90,90,90,93.1093,6.23022,37.167,5.25657,16.709,40.4477,10.0059,2.75747,50.5132,2.46726,14.7874,48.5031,1.02813,90,93.0839,90,92.3647,45.1949,7.97221,49.126,36.6007,38.4674,12.3211,49.7498,41.3829,42.1506,6.7975,42.7864,47.0398,43.5561,11.7884,51.4241,43.5675
5.19443,350.998,40.7875,5.19443,353.77,37.167,5.25657,343.291,40.4477,10.0059,357.243,50.5132,2.46726,345.213,48.5031,1.02813,317.058,350.998,48.0379,40.7875,314.805,352.028,49.126,36.6007,321.533,347.679,49.7498,41.3829,317.849,353.203,42.7864,47.0398,316.444,348.212,51.4241,43.5675
36
1.84089e-07,1.85612e-07,2.42154e-07,1.84361e-07,1.86442e-07,2.51124e-07,1.88136e-07,1.91975e-07,2.5892e-07,1.92352e-07,1.93104e-07,2.6145e-07,1.94254e-07,1.96684e-07,2.62786e-07,2.03114e-07,2.50374e-07,1.85881e-07,2.74215e-07,2.42361e-07,2.52073e-07,1.91679e-07,2.75855e-07,2.42658e-07,2.60108e-07,1.94047e-07,2.75868e-07,2.45571e-07,2.62774e-07,1.96763e-07,2.81882e-07,2.45853e-07,2.6361e-07,2.00539e-07,2.86268e-07,2.46728e-07
-102.848,-106.825,-121.517,-104.187,-111.626,-134.173,-111.83,-116.967,-141.697,-115.899,-118.056,-144.138,-117.735,-121.511,-145.428,-126.286,-139.938,-108.148,-145.376,-122.52,-145.577,-117.743,-150.958,-126.807,-153.332,-120.028,-150.971,-129.619,-155.905,-122.65,-156.775,-129.89,-156.712,-126.294,-161.008,-130.735
0,3.14159,3.14159,3.14159,2.05247,0.868782,2.72512,5.53901,4.37618,2.65511,1.99285,3.35683,3.34624,0.44795,5.527,0.353542,6.28319,6.28319,6.28319,6.28319,4.00561,5.71967,4.17355,1.74793,2.04116,3.08036,2.74734,1.08276,5.54251,0.890365,3.49864,5.2751,5.05508,3.02833,1.99575,5.3012
90,90,90,93.1093,178.324,140.532,167.027,173.928,132.875,177.492,175.25,135.991,173.822,175.775,136.565,179.756,90,93.0839,90,92.3647,129.43,170.562,130.605,133.47,136.173,178.434,129.735,134.485,140.123,173.027,124.931,140.927,134.946,173.614,128.19,143.439
185.194,188.983,139.202,185.194,178.324,140.532,192.973,186.072,132.875,182.508,184.75,135.991,186.178,184.225,136.565,180.244,137.068,188.983,228.027,139.202,129.43,189.438,229.395,133.47,136.173,181.566,230.265,134.485,140.123,186.973,235.069,140.927,134.946,186.386,231.81,143.439
90,90,90,93.1093,15.3358,36.6935,1.88933,1.44288,34.637,3.12514,14.3294,34.5863,9.19781,12.5208,40.2021,1.03398,90,93.0839,90,92.3647,44.5985,3.57177,52.6454,42.8919,50.6099,1.0003,51.776,41.939,50.0378,12.3401,48.9665,45.2438,46.0029,16.8538,55.9403,42.6935
5.19443,350.994,40.7863,5.19443,344.664,36.6935,1.88933,358.557,34.637,3.12514,345.671,34.5863,9.19781,347.479,40.2021,1.03398,317.057,350.994,48.0389,40.7863,315.401,356.428,52.6454,42.8919,309.39,359,51.776,41.939,309.962,347.66,48.9665,45.2438,313.997,343.146,55.9403,42.6935
