36
1.93122e-07,2.09617e-07,2.07792e-07,1.94155e-07,2.10631e-07,2.0881e-07,1.94304e-07,2.1771e-07,2.11315e-07,1.96001e-07,2.20647e-07,2.15482e-07,1.98814e-07,2.21317e-07,2.1839e-07,1.9951e-07,2.31536e-07,3.01777e-07,2.10569e-07,2.08752e-07,2.35631e-07,3.01836e-07,2.13092e-07,2.09013e-07,2.38494e-07,3.04022e-07,2.15894e-07,2.10337e-07,2.43978e-07,3.08102e-07,2.16691e-07,2.10641e-07,2.46351e-07,3.17519e-07,2.22881e-07,2.11481e-07
-103.264,-114.818,-114.362,-106.379,-119.797,-119.345,-110.523,-126.629,-121.762,-112.16,-129.464,-125.783,-114.876,-130.11,-128.59,-115.547,-133.712,-149.914,-117.645,-117.215,-141.663,-153.971,-124.08,-121.466,-144.426,-156.081,-126.785,-122.744,-149.718,-160.018,-127.553,-123.037,-152.009,-169.106,-133.528,-123.848
0,3.14159,3.14159,3.14159,5.75859,0.931692,5.68362,1.22098,1.53499,5.63631,3.81664,4.55137,1.80727,0.239442,1.53078,5.87856,6.28319,6.28319,6.28319,6.28319,2.79083,4.56262,6.17951,1.84219,0.402522,0.787585,2.93622,4.39268,5.6712,2.91169,3.16888,3.70171,3.553,3.97489,1.10306,2.13594
85.5453,85.8965,85.8604,97.3981,24.8395,19.5483,14.6143,25.424,26.8778,10.9364,19.6609,26.8347,12.4463,29.1811,30.1984,14.4424,86.2855,87.1509,96.8186,96.8782,36.2447,53.7142,20.4037,19.8351,45.6317,45.3861,31.2451,15.6995,36.6596,50.6097,25.8732,32.7316,34.6684,54.8887,28.6635,35.6734
15.0515,332.767,26.212,15.0515,335.16,19.5483,14.6143,334.576,26.8778,10.9364,340.339,26.8347,12.4463,330.819,30.1984,14.4424,323.567,51.9096,332.767,26.212,323.755,53.7142,339.596,19.8351,314.368,45.3861,328.755,15.6995,323.34,50.6097,334.127,32.7316,325.332,54.8887,331.336,35.6734
94.4547,94.1035,94.1396,97.3981,159.497,159.424,174.535,154.548,162.769,161.342,158.835,154.84,162.588,157.394,150.526,165.15,93.7145,92.8491,96.8186,96.8782,138.705,124.225,150.654,148.214,146.23,121.646,150.843,151.772,140.487,138.798,154.009,152.907,132.574,139.593,155.187,160.808
195.052,207.21,153.777,195.052,200.503,159.424,185.465,205.452,162.769,198.658,201.165,154.84,197.412,202.606,150.526,194.85,143.578,231.898,207.21,153.777,138.705,235.775,209.346,148.214,146.23,238.354,209.157,151.772,140.487,221.202,205.991,152.907,132.574,220.407,204.813,160.808
36
1.61282e-07,1.80712e-07,1.78585e-07,1.62517e-07,1.80735e-07,1.795e-07,1.63353e-07,1.81973e-07,1.92689e-07,1.68673e-07,1.82518e-07,1.95742e-07,1.72544e-07,1.83419e-07,1.98909e-07,1.73554e-07,2.05736e-07,2.82462e-07,1.79702e-07,1.81815e-07,2.13704e-07,2.82828e-07,1.83432e-07,1.83196e-07,2.14295e-07,2.87292e-07,1.84104e-07,1.83233e-07,2.14956e-07,2.88262e-07,1.85458e-07,1.88247e-07,2.24382e-07,2.94351e-07,1.87015e-07,1.88288e-07
-101.699,-115.383,-114.847,-105.408,-119.406,-119.729,-110.215,-120.601,-132.458,-115.349,-121.127,-135.404,-119.085,-121.997,-138.461,-120.06,-137.267,-155.054,-118.125,-118.621,-148.957,-159.408,-125.725,-123.954,-149.527,-163.715,-126.373,-123.989,-150.165,-164.651,-127.68,-128.828,-159.262,-170.528,-129.183,-128.868
0,3.14159,3.14159,3.14159,0.386475,2.14287,2.45076,1.63473,2.09469,2.37416,4.83369,6.13866,0.605046,5.48188,0.502938,0.00963642,6.28319,6.28319,6.28319,6.28319,2.94716,0.547365,3.612,4.53107,4.05362,0.0826116,3.7423,1.39693,4.72701,2.97367,0.642704,4.69462,2.3442,5.18297,1.40851,2.72347
84.6635,85.2387,85.1819,98.849,27.9621,35.6914,10.4801,27.482,30.7414,19.1259,28.7392,43.6051,21.8435,30.0381,28.1832,22.8982,85.8189,86.9559,97.9969,97.9033,43.5746,58.5935,26.423,32.7556,43.3728,66.3141,26.5985,30.8598,50.5201,63.9012,16.3081,31.4504,43.4771,61.5549,38.4054,35.3141
18.1416,327.909,30.9578,18.1416,332.038,35.6914,10.4801,332.518,30.7414,19.1259,331.261,43.6051,21.8435,329.962,28.1832,22.8982,318.031,57.2464,30.9578,327.909,316.425,58.5935,26.423,327.244,316.627,66.3141,26.5985,329.14,309.48,63.9012,16.3081,328.55,316.523,61.5549,38.4054,324.686
95.3365,94.7613,94.8181,98.849,153.056,145.289,164.842,145.604,145.578,160.624,151.339,145.428,160.901,148.622,142.327,166.15,94.1811,93.0441,97.9969,97.9033,133.981,120.548,134.5,155.856,140.925,126.147,151.605,143.982,131.691,146.566,150.434,143.11,135.125,126.245,146.217,145.907
198.142,212.069,149.031,198.142,206.944,145.289,195.158,214.396,145.578,199.376,208.661,145.428,199.099,211.378,142.327,193.85,138.042,237.235,149.031,212.069,133.981,239.452,134.5,204.144,140.925,233.853,151.605,216.018,131.691,213.434,150.434,216.89,135.125,233.755,146.217,214.093
36
1.3019e-07,1.53611e-07,1.51097e-07,1.31718e-07,1.55568e-07,1.51927e-07,1.35034e-07,1.62186e-07,1.52386e-07,1.37907e-07,1.66434e-07,1.53325e-07,1.39395e-07,1.81199e-07,1.55538e-07,1.43592e-07,1.82395e-07,2.65936e-07,1.52415e-07,1.54908e-07,1.82596e-07,2.66398e-07,1.55433e-07,1.67742e-07,1.82879e-07,2.67859e-07,1.55684e-07,1.72545e-07,1.87174e-07,2.69912e-07,1.5811e-07,1.80329e-07,1.87387e-07,2.73133e-07,1.59933e-07,1.82108e-07
-99.8388,-116.606,-115.961,-104.4,-122.495,-120.762,-111.6,-128.882,-121.206,-114.373,-132.982,-122.112,-115.809,-147.231,-124.247,-119.861,-142.534,-162.025,-119.758,-120.337,-146.729,-166.47,-126.671,-136.723,-147.001,-167.88,-126.913,-141.358,-151.147,-169.862,-129.255,-148.871,-151.352,-172.97,-131.014,-150.587
0,3.14159,3.14159,3.14159,5.10705,0.701538,0.1583,3.15041,1.44178,6.09313,1.94428,5.62613,1.54279,3.3228,6.10342,4.88141,6.28319,6.28319,6.28319,6.28319,2.53671,0.421479,4.17501,6.08174,3.88418,2.46331,4.75164,1.1035,3.0244,5.62826,0.689379,2.37636,1.21382,3.15537,3.38693,5.5002
83.3839,84.3962,84.3026,100.941,38.5429,34.6959,21.208,35.0108,36.7632,23.1873,38.6679,46.4797,19.4318,35.4867,48.7006,19.0885,85.2827,86.7665,99.4407,99.2874,50.3007,67.7105,42.974,45.5697,44.8056,64.9546,43.169,40.0517,53.0263,61.5409,41.5144,45.0961,47.3646,60.8498,31.3233,41.2071
22.7448,321.257,37.5064,22.7448,321.457,34.6959,21.208,324.989,36.7632,23.1873,321.332,46.4797,19.4318,324.513,48.7006,19.0885,310.987,63.3071,37.5064,321.257,309.699,67.7105,42.974,314.43,315.194,64.9546,43.169,319.948,306.974,61.5409,41.5144,314.904,312.635,60.8498,31.3233,318.793
96.6161,95.6038,95.6974,100.941,142.538,132.765,153.799,144.212,146.635,156.567,132.895,149.554,154.534,142.161,141.029,156.575,94.7173,93.2335,99.4407,99.2874,121.693,110.395,143.06,136.734,131.216,120.54,143.17,144.355,126.339,120.093,144.977,142.536,128.045,117.603,140.033,141.011
202.745,218.72,142.482,202.745,217.462,132.765,206.201,215.788,146.635,203.433,227.105,149.554,205.466,217.839,141.029,203.425,130.998,243.296,142.482,218.72,121.693,249.605,143.06,223.266,131.216,239.46,143.17,215.645,126.339,239.907,144.977,217.464,128.045,242.397,140.033,218.989
36
1.00546e-07,1.29454e-07,1.26451e-07,1.02516e-07,1.33554e-07,1.27956e-07,1.03526e-07,1.35213e-07,1.28991e-07,1.04504e-07,1.37245e-07,1.29944e-07,1.06552e-07,1.43131e-07,1.32593e-07,1.11691e-07,1.62575e-07,2.52749e-07,1.3099e-07,1.28023e-07,1.63972e-07,2.52967e-07,1.35672e-07,1.32928e-07,1.6557e-07,2.54196e-07,1.39656e-07,1.33414e-07,1.70413e-07,2.58234e-07,1.4101e-07,1.35863e-07,1.78355e-07,2.6088e-07,1.42146e-07,1.43921e-07
-97.5945,-119.134,-118.346,-103.447,-127.09,-123.798,-108.422,-128.691,-124.796,-109.366,-130.653,-125.717,-111.342,-136.334,-128.272,-116.302,-150.75,-171.938,-123.379,-122.701,-156.098,-176.148,-131.897,-131.435,-157.64,-177.335,-135.742,-131.904,-162.314,-181.231,-137.048,-134.267,-169.979,-183.785,-138.146,-142.044
0,3.14159,3.14159,3.14159,0.367965,2.22498,5.39677,3.375,1.66591,3.02273,1.74071,3.8129,5.78108,0.174984,3.81864,4.34647,6.28319,6.28319,6.28319,6.28319,2.80418,0.525816,1.8622,3.91596,0.47653,1.86331,3.04231,1.64998,3.38664,3.41683,3.24486,5.74896,2.04164,3.29548,0.790066,0.674858
81.4203,83.3461,83.1874,104.115,46.9968,58.0694,26.1015,51.1732,49.5551,30.5475,43.4423,48.3349,27.4185,45.8836,43.5771,30.1051,84.7061,86.5976,101.003,101.261,61.3636,75.4063,49.1002,45.4835,64.7021,68.6158,53.3288,40.8788,61.0108,70.3956,45.9739,43.3548,59.5318,68.5354,40.4012,44.6177
30.1928,311.92,46.8083,30.1928,313.003,58.0694,26.1015,308.827,49.5551,30.5475,316.558,48.3349,27.4185,314.116,43.5771,30.1051,302.045,70.0858,311.92,46.8083,298.636,75.4063,310.9,45.4835,295.298,68.6158,306.671,40.8788,298.989,70.3956,314.026,43.3548,300.468,68.5354,319.599,44.6177
98.5797,96.6539,96.8126,104.115,133.361,131.198,150.725,128.915,135.974,156.674,122.727,126.563,152.859,128.176,129.76,152.594,95.2939,93.4024,101.003,101.261,128.661,110.597,127.578,133.254,117.174,114.79,130.092,131.15,124.257,117.179,137.638,137.913,119.487,109.329,136.919,130.781
210.193,228.057,133.18,210.193,226.639,131.198,209.275,231.085,135.974,203.326,237.273,126.563,207.141,231.824,129.76,207.406,122.056,250.074,228.057,133.18,128.661,249.403,232.422,133.254,117.174,245.21,229.908,131.15,124.257,242.821,222.362,137.913,119.487,250.671,223.081,130.781
36
7.41064e-08,1.10193e-07,1.06639e-07,7.67578e-08,1.17318e-07,1.07218e-07,8.81795e-08,1.24004e-07,1.11562e-07,8.93604e-08,1.2578e-07,1.14524e-07,9.0401e-08,1.26295e-07,1.16974e-07,9.05705e-08,1.47702e-07,2.43442e-07,1.11993e-07,1.08498e-07,1.48689e-07,2.49672e-07,1.12239e-07,1.16094e-07,1.53184e-07,2.54398e-07,1.15222e-07,1.2941e-07,1.56045e-07,2.58193e-07,1.15554e-07,1.35877e-07,1.58699e-07,2.60877e-07,1.16436e-07,1.39534e-07
-94.9443,-124.5,-123.539,-102.803,-135.376,-128.097,-117.826,-141.829,-132.29,-118.965,-143.543,-135.149,-119.97,-144.04,-137.513,-120.133,-164.625,-187.267,-128.897,-128.118,-169.578,-197.279,-133.135,-139.449,-173.916,-201.84,-136.013,-152.3,-176.677,-205.503,-136.333,-158.541,-179.238,-208.093,-137.185,-162.071
0,3.14159,3.14159,3.14159,3.33492,2.97208,2.46253,6.12486,2.4684,6.19695,0.180394,0.0244302,4.01632,1.10471,1.58581,3.27507,6.28319,6.28319,6.28319,6.28319,5.77081,3.62807,5.64855,1.41579,0.379443,0.897913,2.90076,0.549477,0.198082,5.4394,1.39984,3.79374,3.41637,4.80755,5.03682,2.16132
78.322,82.1763,81.9139,109.008,62.3508,57.2015,53.2081,66.0533,62.255,43.5851,63.1011,57.7114,42.5517,55.7009,56.6499,44.2939,84.1712,86.4674,102.899,103.322,67.3578,73.6925,52.962,61.5907,69.7215,82.4257,61.2889,54.7061,66.6597,77.3295,64.9605,58.5676,64.4853,75.3088,62.3783,53.4694
43.5484,298.787,60.1161,43.5484,297.649,57.2015,53.2081,293.947,62.255,43.5851,296.899,57.7114,42.5517,304.299,56.6499,44.2939,290.958,77.4967,298.787,60.1161,292.642,73.6925,307.038,61.5907,290.278,82.4257,298.711,54.7061,293.34,77.3295,295.039,58.5676,295.515,75.3088,297.622,53.4694
101.678,97.8237,98.0861,109.008,123.102,118.892,141.903,128.806,114.595,145.525,114.606,134.934,140.314,122.589,115.966,135.419,95.8288,93.5326,102.899,103.322,121.294,97.0585,121.179,115.798,108.756,107.377,110.752,119.12,119.142,92.4468,133.832,114.159,115.147,95.7304,119.488,111.649
223.548,241.19,119.872,223.548,236.898,118.892,218.097,231.194,114.595,214.475,245.394,134.934,219.686,237.411,115.966,224.581,110.97,257.485,241.19,119.872,121.294,262.942,238.821,115.798,108.756,252.623,249.248,119.12,119.142,267.553,226.168,114.159,115.147,264.27,240.512,111.649
36
5.56435e-08,9.87366e-08,9.47422e-08,5.91287e-08,1.12309e-07,9.53065e-08,5.96299e-08,1.12696e-07,9.62122e-08,6.52811e-08,1.14793e-07,9.63984e-08,6.74266e-08,1.15729e-07,9.78927e-08,7.37548e-08,1.39366e-07,2.3847e-07,1.00742e-07,9.68302e-08,1.40144e-07,2.49625e-07,1.03542e-07,1.03135e-07,1.40334e-07,2.50005e-07,1.05527e-07,1.0458e-07,1.45356e-07,2.56242e-07,1.07739e-07,1.04943e-07,1.49253e-07,2.59659e-07,1.09795e-07,1.06403e-07
-92.4555,-136.714,-135.607,-102.836,-153.813,-140.151,-107.319,-154.186,-141.026,-112.773,-156.209,-141.205,-114.844,-157.113,-142.647,-120.951,-191.273,-214.808,-138.359,-137.509,-196.024,-229.574,-145.061,-147.593,-196.207,-229.941,-146.977,-148.988,-201.054,-235.96,-149.112,-149.339,-204.815,-239.258,-151.097,-150.747
0,3.14159,3.14159,3.14159,0.748991,5.37131,0.946223,4.35145,0.0571605,3.41272,5.29301,4.95432,3.71758,4.74914,6.02795,5.45394,6.28319,6.28319,6.28319,6.28319,6.2699,2.25189,0.507116,2.12111,4.1223,5.84323,0.077168,2.62828,1.15746,6.24114,0.723314,1.94769,2.88184,3.43808,3.49228,0.330146
74.3611,81.2618,80.8903,115.012,79.4094,81.2453,68.6407,85.4352,79.3794,69.4493,77.6722,71.4183,72.2882,81.1594,83.9724,64.4686,83.8213,86.3937,104.369,104.962,78.3009,80.8865,76.1382,83.8477,81.7184,85.7589,81.6119,71.0325,80.6768,83.0711,80.4032,85.0253,82.0845,89.6984,81.1103,83.9861
68.9267,281.369,78.1119,68.9267,280.591,81.2453,68.6407,274.565,79.3794,69.4493,282.328,71.4183,72.2882,278.841,83.9724,64.4686,277.976,85.3556,281.369,78.1119,281.699,80.8865,283.862,83.8477,278.282,85.7589,278.388,71.0325,279.323,83.0711,279.597,85.0253,277.916,89.6984,278.89,83.9861
105.639,98.7382,99.1097,115.012,102.82,102.436,108.188,104.177,101.819,110.104,101.215,94.9915,109.667,98.9714,106.73,107.915,96.1787,93.6063,104.369,104.962,92.3933,93.1356,111.099,92.1159,98.6096,102.101,98.4206,101.042,99.4718,93.084,92.7169,101.942,94.325,89.6476,97.3961,96.4744
248.927,258.608,101.877,248.927,257.18,102.436,251.812,255.823,101.819,249.896,258.785,94.9915,250.333,261.029,106.73,252.085,97.9871,265.344,258.608,101.877,92.3933,266.864,248.901,92.1159,98.6096,257.899,261.579,101.042,99.4718,266.916,267.283,101.942,94.325,270.352,262.604,96.4744
46
5.40636e-08,9.78649e-08,9.38215e-08,5.76444e-08,6.02825e-08,1.01243e-07,9.3902e-08,5.94847e-08,6.38687e-08,1.04394e-07,9.43219e-08,6.24238e-08,6.76011e-08,1.05401e-07,9.92409e-08,6.28918e-08,6.78564e-08,1.14457e-07,1.00656e-07,6.37637e-08,7.02456e-08,1.38753e-07,2.38106e-07,9.98876e-08,9.59295e-08,6.35136e-08,1.38788e-07,2.39448e-07,1.11948e-07,9.62319e-08,7.80086e-08,1.39601e-07,2.44133e-07,1.1569e-07,9.75905e-08,7.91382e-08,1.40862e-07,2.45038e-07,1.18975e-07,9.97691e-08,8.11383e-08,1.42474e-07,2.48185e-07,1.2036e-07,1.08112e-07,8.22296e-08
-92.2053,-139.544,-138.427,-102.882,-126.729,-146.804,-142.505,-108.658,-134.19,-149.845,-142.91,-111.494,-137.792,-150.817,-147.657,-111.946,-138.038,-159.557,-149.023,-112.787,-140.344,-197.122,-220.722,-139.924,-139.069,-130.913,-201.156,-226.017,-155.564,-143.361,-148.902,-201.94,-230.539,-159.175,-144.672,-149.992,-203.158,-231.413,-162.345,-146.774,-151.922,-204.713,-234.449,-163.682,-154.826,-152.975
0,3.14159,3.14159,3.14159,3.14159,3.53313,2.35897,5.09981,3.76318,2.93639,5.9933,2.70929,3.05716,3.93031,5.83747,1.50971,1.43294,4.88811,4.31647,1.06124,3.96075,6.28319,6.28319,6.28319,6.28319,6.28319,4.35502,3.79706,3.59901,3.45387,5.26575,6.09367,0.243653,4.59501,2.26743,4.81958,2.74427,1.84782,3.55859,2.54617,5.52537,3.47048,5.93768,5.22151,4.9826,5.01482
73.8919,81.1834,80.8002,115.702,75.5918,94.8151,96.2035,115.101,106.623,94.8855,104.92,109.885,100.279,94.7907,97.8197,114.41,101.446,92.9964,98.0278,106.97,102.551,83.7939,86.3881,104.494,105.106,113.18,97.8667,90.8093,100.547,99.9575,104.59,99.1271,94.92,97.9201,92.0958,110.706,96.4741,91.3905,102.708,95.9038,110.553,93.6037,96.7014,99.4519,97.8339,88.9739
105.713,261.619,98.7335,105.713,103.941,265.185,96.2035,115.101,106.623,265.114,104.92,109.885,100.279,265.209,97.8197,114.41,101.446,267.004,98.0278,106.97,102.551,264.13,93.3926,261.619,98.7335,103.941,262.133,90.8093,259.453,99.9575,104.59,260.873,94.92,262.08,92.0958,110.706,263.526,91.3905,257.292,95.9038,110.553,266.396,96.7014,260.548,97.8339,88.9739
106.108,98.8166,99.1998,115.702,104.408,79.5772,83.9171,78.3122,83.0621,79.6583,74.9351,77.6864,77.4533,72.797,75.1835,67.3612,77.8018,83.9051,82.04,77.8658,76.5552,96.2061,93.6119,104.494,105.106,113.18,75.3359,92.2931,85.9422,82.2384,73.627,90.0437,75.0656,76.0475,76.5939,78.7082,83.1171,84.9372,83.7294,83.7137,78.5852,85.7912,96.3348,81.8568,81.5103,62.2272
285.713,278.358,81.255,285.713,76.059,280.423,83.9171,281.688,83.0621,280.342,74.9351,282.314,77.4533,287.203,75.1835,292.639,77.8018,276.095,82.04,282.134,76.5552,84.1411,273.381,278.358,81.255,76.059,75.3359,267.707,274.058,82.2384,73.627,90.0437,284.934,283.952,76.5939,78.7082,83.1171,275.063,276.271,83.7137,78.5852,85.7912,263.665,278.143,81.5103,62.2272
31
7.05107e-08,1.07835e-07,1.04169e-07,7.32923e-08,1.12809e-07,1.06113e-07,8.86327e-08,1.14888e-07,1.14578e-07,9.08171e-08,1.19672e-07,1.14762e-07,9.62689e-08,1.24099e-07,1.16702e-07,9.77424e-08,2.4237e-07,1.09674e-07,1.06071e-07,2.51141e-07,1.23912e-07,1.07869e-07,2.5736e-07,1.26276e-07,1.08046e-07,2.59115e-07,1.2821e-07,1.08918e-07,2.65376e-07,1.32837e-07,1.11978e-07
-94.5123,-125.795,-124.803,-102.758,-134.596,-130.68,-121.563,-136.601,-138.849,-123.672,-141.219,-139.026,-128.933,-145.492,-140.899,-130.355,-190.469,-130.097,-129.301,-202.934,-147.838,-135.036,-208.937,-150.12,-135.207,-210.631,-151.986,-136.048,-216.672,-156.452,-139.001
0,3.14159,3.14159,3.14159,1.36064,1.06559,1.17371,3.06843,0.455285,4.81714,5.29322,4.04956,0.0308818,3.89984,0.9164,2.23785,6.28319,6.28319,6.28319,0.680176,4.56253,0.883321,3.44219,0.355633,4.9886,5.03911,2.15384,5.05476,2.20711,0.579569,1.66274
77.7174,82.0041,81.7208,109.944,118.19,109.577,133.797,115.889,108.726,137.315,111.194,121.087,142.008,113.72,113.8,128.443,86.4518,103.176,103.632,91.3454,110.803,115.267,100.53,115.388,115.464,107.234,119.451,122.448,100.384,114.449,125.509
133.471,243.631,117.373,133.471,241.81,109.577,133.797,244.111,108.726,137.315,248.806,121.087,142.008,246.28,113.8,128.443,101.299,243.631,117.373,91.3454,249.197,115.267,100.53,244.612,115.464,107.234,240.549,122.448,100.384,245.551,125.509
102.283,97.9959,98.2792,109.944,53.5665,60.697,45.6135,59.8535,57.2498,46.1357,66.1784,58.3556,55.9583,63.5526,66.6144,47.6458,93.5482,103.176,103.632,74.4934,57.3401,63.1178,81.2857,59.5168,67.16,81.9817,62.9495,63.3038,83.0902,62.8007,63.422
313.471,296.346,62.6154,313.471,306.433,60.697,314.387,300.146,57.2498,313.864,293.822,58.3556,304.042,296.447,66.6144,312.354,281.287,296.346,62.6154,285.507,302.66,63.1178,278.714,300.483,67.16,278.018,297.05,63.3038,276.91,297.199,63.422
36
9.61399e-08,1.26101e-07,1.22971e-07,9.81981e-08,1.26733e-07,1.23114e-07,1.00031e-07,1.27291e-07,1.26952e-07,1.03732e-07,1.27866e-07,1.29446e-07,1.04544e-07,1.29613e-07,1.3324e-07,1.05814e-07,1.59931e-07,2.51026e-07,1.27677e-07,1.24587e-07,1.67292e-07,2.55606e-07,1.31642e-07,1.3093e-07,1.73079e-07,2.61883e-07,1.31837e-07,1.33322e-07,1.76007e-07,2.71358e-07,1.34942e-07,1.35174e-07,1.76588e-07,2.74852e-07,1.38794e-07,1.46982e-07
-97.2053,-119.728,-118.906,-103.317,-124.338,-123.043,-109.086,-124.876,-126.747,-112.657,-125.431,-129.154,-113.441,-127.118,-132.816,-114.667,-152.444,-173.868,-124.039,-123.339,-163.548,-182.289,-131.865,-133.46,-169.133,-188.346,-132.053,-135.769,-171.958,-197.491,-135.051,-137.556,-172.519,-200.863,-138.768,-148.952
0,3.14159,3.14159,3.14159,3.28198,4.27294,4.602,5.30937,5.82958,2.46445,0.569677,5.86888,1.40886,4.72608,5.27667,0.232132,6.28319,6.28319,6.28319,6.28319,2.03024,0.907076,2.19794,3.20928,5.49161,1.9778,6.13322,1.45903,0.680499,5.473,5.87528,1.05985,1.87746,0.102611,2.58896,3.6786
81.0239,83.1684,82.9936,104.749,132.777,141.086,144.82,124.899,129.948,154.532,129.18,129.357,148.305,116.163,134.047,137.191,84.6183,86.5743,101.292,101.576,125.083,111.463,131.177,129.551,121.145,105.883,131.78,130.844,125.599,117.784,128.659,132.186,119.297,104.439,134.756,130.35
148.229,229.831,131.409,148.229,227.223,141.086,144.82,235.101,129.948,154.532,230.82,129.357,148.305,243.837,134.047,137.191,239.516,108.794,229.831,131.409,234.917,111.463,228.823,129.551,238.855,105.883,228.22,130.844,234.401,117.784,231.341,132.186,240.703,104.439,225.244,130.35
98.9761,96.8316,97.0064,104.749,51.8507,55.8415,30.6421,53.0656,51.1397,25.1881,50.4683,46.1754,28.7429,50.3729,47.04,26.6616,95.3817,93.4257,101.292,101.576,62.0142,64.306,46.4387,44.4812,66.9241,74.9769,49.9586,37.3093,53.5167,79.9115,48.6861,53.5511,60.2208,61.6715,52.2216,49.5987
328.229,310.146,48.5797,328.229,308.149,55.8415,329.358,306.934,51.1397,334.812,309.532,46.1754,331.257,309.627,47.04,333.338,59.5275,288.783,310.146,48.5797,62.0142,295.694,313.561,44.4812,66.9241,285.023,310.041,37.3093,53.5167,280.088,311.314,53.5511,60.2208,298.329,307.778,49.5987
36
1.25444e-07,1.49655e-07,1.4702e-07,1.27028e-07,1.6654e-07,1.49913e-07,1.32258e-07,1.66616e-07,1.55105e-07,1.33013e-07,1.68829e-07,1.56667e-07,1.37416e-07,1.72614e-07,1.58691e-07,1.38479e-07,1.79092e-07,2.63642e-07,1.50986e-07,1.48374e-07,1.79642e-07,2.63897e-07,1.56653e-07,1.52271e-07,1.85598e-07,2.68814e-07,1.56825e-07,1.53177e-07,1.88175e-07,2.69299e-07,1.59718e-07,1.53648e-07,1.8968e-07,2.70569e-07,1.61137e-07,1.54358e-07
-99.5162,-116.897,-116.221,-104.244,-137.191,-123.013,-113.291,-137.265,-128.024,-114.02,-139.401,-129.531,-118.27,-143.054,-131.485,-119.295,-143.588,-163.332,-120.708,-120.106,-148.119,-167.578,-130.177,-127.867,-153.867,-172.324,-130.343,-128.741,-156.354,-172.792,-133.135,-129.195,-157.807,-174.018,-134.506,-129.881
0,3.14159,3.14159,3.14159,3.88012,5.17823,5.03609,1.58909,1.93996,4.73975,5.59467,2.91628,1.4314,4.55182,0.0109868,1.19516,6.28319,6.28319,6.28319,6.28319,4.63419,2.04499,5.76526,1.56216,4.01726,5.37317,2.39562,5.91518,4.28847,0.0544027,5.94238,3.61729,4.222,0.963141,3.33028,2.44774
83.1324,84.2476,84.1441,101.35,131.032,147.252,152.575,139.626,134.122,157.709,137.96,144.965,156.296,149.847,153.154,156.019,85.1955,86.7384,99.5308,99.7002,127.976,110.19,141.762,137.758,119.979,112.999,142.874,135.182,137.811,110.341,140.357,143.385,122.558,113.825,137.587,146.52
156.33,219.982,141.251,156.33,228.968,147.252,152.575,220.374,134.122,157.709,222.04,144.965,156.296,210.153,153.154,156.019,230.253,115.68,219.982,141.251,232.024,110.19,218.238,137.758,240.021,112.999,217.126,135.182,222.189,110.341,219.643,143.385,237.442,113.825,222.413,146.52
96.8676,95.7524,95.8559,101.35,44.6767,38.8932,21.1511,37.5946,39.6562,30.5472,43.8673,39.6763,22.7611,51.0279,42.1473,29.6436,94.8045,93.2616,99.5308,99.7002,54.8046,63.2435,36.4191,47.6836,52.2588,63.2149,35.3524,47.1635,47.2907,69.6726,39.703,35.2894,48.5682,59.0696,42.4076,41.2353
336.33,319.995,38.7373,336.33,315.323,38.8932,338.849,322.405,39.6562,329.453,316.133,39.6763,337.239,308.972,42.1473,330.356,50.2648,295.669,319.995,38.7373,54.8046,296.757,323.581,47.6836,52.2588,296.785,324.648,47.1635,47.2907,290.327,320.297,35.2894,48.5682,300.93,317.592,41.2353
