36
7.21155e-08,1.74077e-07,7.62831e-08,7.48375e-08,1.77631e-07,7.64613e-08,7.56098e-08,1.84041e-07,7.69829e-08,7.66994e-08,1.87049e-07,8.21151e-08,9.41514e-08,1.88038e-07,8.37559e-08,1.01971e-07,2.12691e-07,1.87773e-07,7.88613e-08,1.75222e-07,2.12932e-07,1.91164e-07,8.04186e-08,1.75761e-07,2.13169e-07,1.94478e-07,8.08407e-08,1.86744e-07,2.21152e-07,1.9669e-07,8.13856e-08,1.91248e-07,2.22715e-07,2.10092e-07,8.68584e-08,1.92369e-07
-94.7078,-132.394,-103.984,-102.776,-139.824,-108.156,-107.521,-146.01,-108.659,-108.573,-148.914,-113.612,-125.416,-149.868,-115.196,-132.962,-171.741,-165.986,-111.345,-135.224,-175.974,-173.259,-116.848,-139.745,-176.203,-176.457,-117.256,-150.345,-183.908,-178.592,-117.781,-154.691,-185.416,-191.526,-123.063,-155.773
0,3.14159,3.14159,3.14159,5.49476,2.08873,2.08953,4.12465,6.10676,3.46683,3.1083,6.11714,1.78366,4.12324,0.925469,2.44641,6.28319,6.28319,6.28319,6.28319,2.07584,5.74014,3.71748,4.97948,3.17253,3.67411,4.51491,4.7149,5.73612,4.19692,5.91686,1.27102,0.532997,3.46962,4.26985,4.35799
77.9949,85.0568,78.6597,109.515,68.4427,24.1835,10.9124,60.4185,27.946,20.1399,70.4429,27.5119,7.88649,68.056,20.4509,16.2779,85.9559,85.4181,108.482,98.2027,68.885,65.4527,21.6873,67.7289,65.4056,72.5651,13.4689,63.394,73.6441,73.9929,18.3064,67.176,64.9078,65.5867,26.5334,72.6767
349.104,293.53,22.1564,349.104,291.557,24.1835,349.088,299.582,27.946,339.86,289.557,27.5119,352.114,291.944,20.4509,343.722,289.043,68.2789,22.1564,293.53,291.115,65.4527,21.6873,292.271,294.594,72.5651,13.4689,296.606,286.356,73.9929,18.3064,292.824,295.092,65.5867,26.5334,287.323
102.005,94.9432,101.34,109.515,101.323,157.754,165.013,113.976,150.558,171.417,107.198,166.217,168.192,111.049,162.862,170.177,94.0441,94.5819,108.482,98.2027,108.904,112.363,168.371,102.875,109.77,117.66,164.085,97.6925,101.915,109.74,160.725,112.744,106.371,105.197,152.018,100.961
169.104,246.447,157.832,169.104,258.677,157.754,165.013,246.024,150.558,171.417,252.802,166.217,168.192,248.951,162.862,170.177,109.055,248.267,157.832,246.447,108.904,247.637,168.371,257.125,109.77,242.34,164.085,262.308,101.915,250.26,160.725,247.256,106.371,254.803,152.018,259.039
36
1.04544e-07,1.89815e-07,1.07463e-07,1.0644e-07,1.94585e-07,1.17139e-07,1.07004e-07,2.00199e-07,1.1814e-07,1.12957e-07,2.03194e-07,1.18142e-07,1.13394e-07,2.04249e-07,1.32615e-07,1.18402e-07,2.25751e-07,2.02455e-07,1.90866e-07,1.09308e-07,2.66603e-07,2.07767e-07,1.90923e-07,1.15426e-07,2.67995e-07,2.09564e-07,1.91974e-07,1.17763e-07,2.74541e-07,2.11454e-07,1.93281e-07,1.19798e-07,2.76464e-07,2.12112e-07,1.93456e-07,1.22057e-07
-97.9332,-127.222,-104.51,-103.57,-135.826,-117.849,-108.114,-141.244,-118.814,-113.86,-144.135,-118.817,-114.281,-145.153,-132.784,-119.114,-159.959,-154.6,-130.118,-109.899,-203.385,-163.726,-134.173,-119.803,-204.728,-165.461,-135.188,-122.058,-211.046,-167.284,-136.45,-124.023,-212.902,-167.92,-136.618,-126.203
0,3.14159,3.14159,3.14159,2.65962,0.67739,4.24245,4.64646,4.84112,5.9747,0.418224,1.3863,1.36381,0.682186,3.52018,0.57914,6.28319,6.28319,6.28319,6.28319,4.47089,3.70061,3.34154,0.62379,4.55592,4.5691,0.341747,0.140293,4.27534,1.0931,4.81553,5.54965,4.50691,4.43401,2.18279,2.64588
81.7508,85.4675,81.9763,103.584,62.6943,13.8117,10.0103,48.5763,13.0295,4.53363,56.1715,12.6069,2.0996,67.0915,20.3583,1.84312,86.1902,85.751,97.5264,103.221,69.8945,60.5895,55.2766,17.7921,63.53,59.0936,56.8589,12.353,68.4978,61.8901,64.4783,17.5107,64.6377,63.4661,55.4159,20.3754
352.596,302.825,15.3718,352.596,297.306,13.8117,349.99,311.424,13.0295,355.466,303.828,12.6069,2.0996,292.909,20.3583,358.157,297.085,59.4562,302.825,15.3718,290.105,60.5895,304.723,17.7921,296.47,59.0936,303.141,12.353,291.502,61.8901,295.522,17.5107,295.362,63.4661,304.584,20.3754
98.2492,94.5325,98.0237,103.584,112.474,166.521,170.277,129.091,164.782,172.941,122.118,176.12,176.6,114.625,162.826,163.494,93.8098,94.249,97.5264,103.221,113.464,120.403,120.55,165.404,121.981,121.091,132.421,164.802,111.159,122.2,127.166,170.122,116.989,122.826,123.286,160.93
172.596,237.153,164.617,172.596,247.526,166.521,170.277,230.909,164.782,172.941,237.882,176.12,176.6,245.375,162.826,163.494,117.096,239.445,237.153,164.617,113.464,239.597,239.45,165.404,121.981,238.909,227.579,164.802,111.159,237.8,232.834,170.122,116.989,237.174,236.714,160.93
36
1.37407e-07,2.09711e-07,1.39641e-07,1.38855e-07,2.09913e-07,1.40641e-07,1.43679e-07,2.10209e-07,1.42328e-07,1.4889e-07,2.14858e-07,1.43018e-07,1.49264e-07,2.17493e-07,1.47562e-07,1.54244e-07,2.42718e-07,2.21222e-07,2.10663e-07,1.41066e-07,2.48549e-07,2.23095e-07,2.10945e-07,1.51136e-07,2.5144e-07,2.25481e-07,2.13325e-07,1.5243e-07,2.54966e-07,2.30774e-07,2.19523e-07,1.55811e-07,2.70131e-07,2.31868e-07,2.25624e-07,1.56449e-07
-100.307,-124.114,-105.41,-104.637,-128.309,-110.375,-113.293,-128.594,-112.003,-118.322,-133.081,-112.669,-118.683,-135.625,-117.054,-123.49,-152.136,-147.212,-126.845,-109.626,-161.764,-153.019,-131.118,-123.344,-164.554,-155.322,-133.415,-124.593,-167.957,-160.43,-139.397,-127.856,-182.593,-161.486,-145.284,-128.472
0,3.14159,3.14159,3.14159,5.6627,3.00676,5.26044,4.28898,3.89984,3.3612,4.43647,3.18019,1.09125,2.87227,1.89719,0.0640155,6.28319,6.28319,6.28319,6.28319,4.02094,4.02972,1.15589,0.969504,1.83164,4.24337,4.38708,3.73301,5.30359,1.8702,5.90762,0.284119,2.78342,3.5123,5.67932,1.91052
83.7328,85.8983,83.8335,100.372,48.6385,3.93227,8.97309,52.2491,11.9321,2.29856,50.4913,8.74699,15.7703,49.7821,2.48293,8.90295,86.4568,86.1121,96.8155,100.208,56.0523,66.3255,55.5889,7.0431,52.1263,55.2812,50.979,10.3426,56.1157,45.8291,47.0804,13.8948,58.9898,48.9829,40.8182,5.74366
354.398,310.52,11.7227,354.398,311.361,3.93227,351.027,307.751,11.9321,357.701,309.509,8.74699,344.23,310.218,2.48293,351.097,304.121,51.9826,310.52,11.7227,303.948,66.3255,304.411,7.0431,307.874,55.2812,309.021,10.3426,303.884,45.8291,312.92,13.8948,301.01,48.9829,319.182,5.74366
96.2672,94.1017,96.1665,100.372,133.707,166.615,173.962,126.867,170.588,171.81,131.432,177.07,175.199,126.427,167.662,173.472,93.5432,93.8879,96.8155,100.208,120.619,131.884,132.618,163.045,119.14,116.432,129.177,175.471,128.466,129.332,134.357,169.979,127.725,126.346,130.594,163.489
174.398,229.457,168.266,174.398,226.293,166.615,173.962,233.133,170.588,171.81,228.568,182.93,175.199,233.573,167.662,173.472,124.133,231.971,229.457,168.266,120.619,228.116,227.382,163.045,119.14,243.568,230.823,175.471,128.466,230.668,225.643,169.979,127.725,233.654,229.406,163.489
36
1.70452e-07,2.32702e-07,1.72259e-07,1.71622e-07,2.34885e-07,1.76601e-07,1.7176e-07,2.36859e-07,1.78491e-07,1.73608e-07,2.39596e-07,1.79805e-07,1.74322e-07,2.414e-07,1.79978e-07,1.80868e-07,2.62835e-07,2.43132e-07,2.3356e-07,1.73416e-07,2.66877e-07,2.43937e-07,2.36238e-07,1.76788e-07,2.70153e-07,2.46659e-07,2.38328e-07,1.76847e-07,2.74336e-07,2.48179e-07,2.4691e-07,1.77374e-07,2.75412e-07,2.505e-07,2.48291e-07,1.79795e-07
-102.179,-122.164,-106.352,-105.695,-128.271,-114.542,-109.828,-130.176,-116.366,-111.612,-132.818,-117.634,-112.301,-134.558,-117.802,-118.619,-146.618,-142.121,-124.677,-109.807,-154.519,-146.898,-131.263,-117.061,-157.681,-149.525,-133.279,-117.117,-161.718,-150.992,-141.562,-117.626,-162.757,-153.232,-142.894,-119.962
0,3.14159,3.14159,3.14159,2.66993,0.150889,5.23414,1.13596,6.16161,4.84294,4.33841,0.686777,3.99682,5.60012,4.16699,1.10407,6.28319,6.28319,6.28319,6.28319,1.81876,5.93502,5.59836,4.44754,0.67968,5.14214,2.83198,1.53024,5.41853,4.4641,3.27423,1.3465,4.04448,1.2673,6.09322,1.54209
84.9514,86.3041,85.0045,98.376,47.5849,8.93587,4.52466,41.8452,6.88714,5.19642,38.5621,15.1543,4.18308,39.2048,14.2753,0.643576,86.7284,86.4629,96.1447,98.2887,53.7744,45.5789,45.209,5.29799,47.3978,55.5612,43.2568,16.4993,57.8096,53.1218,45.5425,5.1685,47.0016,47.4626,37.1573,12.174
355.496,316.785,9.4609,355.496,312.415,8.93587,355.475,318.155,6.88714,354.804,321.438,15.1543,355.817,320.795,14.2753,359.356,310.158,45.7701,316.785,9.4609,306.226,45.5789,314.791,5.29799,312.602,55.5612,316.743,16.4993,302.19,53.1218,314.457,5.1685,312.998,47.4626,322.843,12.174
95.0486,93.6959,94.9955,98.376,135.934,178.029,171.205,127.493,168.674,171.392,130.933,164.977,177.147,138.726,158.334,179.361,93.2716,93.5371,96.1447,98.2887,127.81,134.766,139.162,172.487,133.266,127.12,130.547,171.193,139.28,136.907,135.545,169.435,126.702,130.394,143.492,176.362
175.496,223.192,170.528,175.496,224.066,178.029,171.205,232.507,168.674,171.392,229.067,164.977,177.147,221.274,158.334,179.361,130.169,225.759,223.192,170.528,127.81,225.234,220.838,172.487,133.266,232.88,229.453,171.193,139.28,223.093,224.455,169.435,126.702,229.606,216.508,176.362
31
2.03155e-07,2.49963e-07,2.07362e-07,2.04137e-07,2.55989e-07,2.10421e-07,2.07985e-07,2.66063e-07,2.1084e-07,2.09244e-07,2.87282e-07,2.31229e-07,2.10291e-07,2.91596e-07,2.35058e-07,2.12577e-07,2.76233e-07,2.50762e-07,2.08324e-07,2.76527e-07,2.53615e-07,2.22121e-07,2.7954e-07,2.58052e-07,2.2237e-07,2.79819e-07,2.58364e-07,2.31365e-07,2.79861e-07,2.63605e-07,2.43469e-07
-103.704,-119.66,-108.806,-106.67,-129.476,-115.758,-114.383,-139.198,-116.163,-115.599,-159.677,-135.84,-116.61,-163.84,-139.535,-118.815,-140.551,-122.032,-111.692,-144.834,-128.787,-129.007,-147.742,-133.068,-129.248,-148.011,-133.369,-137.928,-148.052,-138.427,-149.611
0,3.14159,3.14159,3.14159,2.81626,6.27388,5.79706,2.40959,1.13891,1.55252,5.54151,2.81227,6.07123,2.92832,4.83666,4.16996,6.28319,6.28319,6.28319,4.44065,0.166696,2.32249,3.4719,0.38378,5.39961,3.17524,4.88445,2.41897,4.22949,1.22654,6.18778
85.7657,86.5597,85.8518,97.0345,40.3961,16.5878,4.18031,29.8623,4.52311,2.82684,33.4004,5.99059,8.99333,34.5901,7.88293,2.0612,86.8872,95.7217,96.8924,40.1404,35.973,9.18945,45.0716,38.526,13.4377,36.15,23.8639,8.89858,40.0239,37.2028,7.09269
0,324.279,11.587,0,319.604,16.5878,355.82,330.138,4.52311,357.173,326.6,5.99059,8.99333,325.41,7.88293,357.939,317.254,324.279,11.587,319.86,324.027,9.18945,314.928,321.474,13.4377,323.85,336.136,8.89858,319.976,322.797,7.09269
94.2343,93.4403,94.1482,97.0345,148.808,172.253,172.767,146.079,161.931,175.598,143.092,168.601,175.996,139.689,166.608,179.944,93.1128,95.7217,96.8924,133.341,151.505,164.445,137.03,146.021,171.305,132.162,147.16,170.743,142.272,150.679,166.887
180,215.698,168.402,180,211.192,172.253,187.233,213.921,161.931,184.402,216.908,168.601,184.004,220.311,166.608,179.944,137.266,215.698,168.402,133.341,208.495,164.445,137.03,213.979,171.305,132.162,212.84,170.743,142.272,209.321,166.887
31
2.13813e-07,2.1795e-07,2.30179e-07,2.14747e-07,2.29652e-07,2.34238e-07,2.16197e-07,2.35137e-07,2.34787e-07,2.17213e-07,2.35512e-07,2.39266e-07,2.18167e-07,2.38454e-07,2.41053e-07,2.18847e-07,2.18866e-07,3.25162e-07,2.31046e-07,2.21132e-07,3.25312e-07,2.33875e-07,2.23796e-07,3.29671e-07,2.39059e-07,2.25941e-07,3.30616e-07,2.40548e-07,2.27613e-07,3.33385e-07,2.47615e-07
-104.148,-112.928,-115.975,-106.97,-128.221,-123.892,-112.37,-133.514,-124.422,-113.351,-133.877,-128.745,-114.271,-136.715,-130.469,-114.927,-115.663,-150.071,-118.558,-121.85,-154.216,-125.289,-124.421,-158.423,-130.292,-126.491,-159.335,-131.728,-128.105,-162.007,-138.549
0,3.14159,3.14159,3.14159,5.02912,4.23009,0.616104,2.20784,1.65543,4.47701,2.49117,1.86892,4.44442,1.44052,4.88203,4.06574,6.28319,6.28319,6.28319,2.17188,2.45013,1.24864,0.465638,0.985416,2.99563,1.53832,0.859959,4.71533,5.35092,1.52698,5.01668
85.9771,86.0536,86.2636,96.6853,24.0942,26.8019,21.2481,24.9513,25.2224,14.1597,23.03,33.2893,15.4606,20.7072,29.1486,24.944,96.5589,87.356,96.2118,26.2092,52.4896,28.4538,31.1559,51.4614,31.8508,12.0745,60.6721,25.3412,22.7477,54.084,23.5506
18.2141,338.693,28.1059,18.2141,335.906,26.8019,21.2481,335.049,25.2224,14.1597,336.97,33.2893,15.4606,339.293,29.1486,24.944,338.693,51.4094,28.1059,333.791,52.4896,28.4538,328.844,51.4614,31.8508,347.926,60.6721,25.3412,337.252,54.084,23.5506
94.0229,93.9464,93.7364,96.6853,156.267,148.827,146.103,160.018,153.096,150.208,162.678,154.859,159.381,162.459,150.941,158.413,96.5589,92.644,96.2118,154.229,131.366,152.156,158.713,126.417,162.912,149.76,130.06,157.68,164.489,136.918,151.411
198.214,201.284,151.883,198.214,203.733,148.827,213.897,199.982,153.096,209.792,197.322,154.859,200.619,197.541,150.941,201.587,201.284,231.398,151.883,205.771,228.634,152.156,201.287,233.583,162.912,210.24,229.94,157.68,195.511,223.082,151.411
36
1.82539e-07,1.87373e-07,2.01461e-07,1.83632e-07,1.9434e-07,2.04077e-07,1.87249e-07,1.99556e-07,2.0436e-07,1.91003e-07,2.01357e-07,2.06672e-07,1.95051e-07,2.03545e-07,2.08088e-07,1.97927e-07,2.08313e-07,1.88438e-07,3.05507e-07,2.02451e-07,2.08487e-07,1.92206e-07,3.07742e-07,2.05565e-07,2.09658e-07,2.00344e-07,3.09958e-07,2.06885e-07,2.09749e-07,2.04334e-07,3.1059e-07,2.12315e-07,2.14298e-07,2.05055e-07,3.25222e-07,2.1411e-07
-102.774,-113.003,-116.538,-106.065,-123.726,-123.063,-113.556,-128.761,-123.336,-117.179,-130.499,-125.568,-121.085,-132.61,-126.933,-123.861,-131.998,-116.154,-154.696,-119.458,-136.166,-123.791,-160.853,-126.463,-137.296,-131.645,-162.991,-127.737,-137.384,-135.496,-163.602,-132.978,-141.774,-136.192,-177.723,-134.71
0,3.14159,3.14159,3.14159,3.54331,4.73893,1.74512,3.4833,5.43113,3.96635,6.27262,0.349992,6.06581,5.77554,4.47939,4.04525,6.28319,6.28319,6.28319,6.28319,3.64411,1.56337,1.94162,1.39997,2.61065,4.07886,0.619967,4.16414,2.56157,2.04133,2.70078,1.24824,0.459765,2.09178,6.2107,1.24525
85.2865,85.4083,85.73,97.8247,33.1347,27.0753,18.593,29.4624,30.2332,27.4167,19.1994,35.766,15.2818,34.6476,34.7737,16.3237,85.8707,97.6239,87.1857,97.0934,40.51,24.2708,58.4085,35.4102,26.2764,21.0921,54.9468,35.4494,37.9692,23.0947,57.4483,32.342,33.3735,29.8274,60.3659,37.9573
21.4973,334.974,32.589,21.4973,326.865,27.0753,18.593,330.538,30.2332,27.4167,340.801,35.766,15.2818,325.352,34.7737,16.3237,324.535,334.974,56.3075,32.589,319.49,335.729,58.4085,35.4102,333.724,338.908,54.9468,35.4494,322.031,336.905,57.4483,32.342,326.627,330.173,60.3659,37.9573
94.7135,94.5917,94.27,97.8247,157.743,153.133,161.476,155.976,148.529,161.669,161.345,153.076,157.297,152.596,147.715,155.611,94.1293,97.6239,92.8143,97.0934,145.98,142.682,126.286,149.131,146.088,148.33,123.226,151.238,146.274,162.518,128.854,142.168,143.234,155.013,125.103,149.993
201.497,205.003,147.4,201.497,202.257,153.133,198.524,204.024,148.529,198.331,198.655,153.076,202.703,207.404,147.715,204.389,144.547,205.003,236.296,147.4,145.98,217.318,233.714,149.131,146.088,211.67,236.774,151.238,146.274,197.482,231.146,142.168,143.234,204.987,234.897,149.993
36
1.52142e-07,1.57916e-07,1.74393e-07,1.53451e-07,1.61409e-07,1.76448e-07,1.55214e-07,1.63153e-07,1.78357e-07,1.61074e-07,1.66532e-07,1.78442e-07,1.72031e-07,1.68764e-07,1.90248e-07,1.78418e-07,1.82274e-07,1.59177e-07,2.88376e-07,1.75536e-07,1.95093e-07,1.61322e-07,2.89792e-07,1.78077e-07,1.96292e-07,1.64631e-07,2.91976e-07,1.79806e-07,1.9775e-07,1.65059e-07,2.9626e-07,1.7999e-07,1.99159e-07,1.66097e-07,2.9658e-07,1.81855e-07
-101.192,-113.456,-117.644,-105.116,-120.828,-123.627,-110.818,-122.511,-125.47,-116.473,-125.772,-125.551,-127.048,-127.926,-136.945,-133.212,-135.847,-117.141,-160.812,-120.961,-152.219,-123.21,-166.178,-127.413,-153.376,-126.404,-168.286,-129.082,-154.783,-126.817,-172.421,-129.26,-156.143,-127.819,-172.73,-131.059
0,3.14159,3.14159,3.14159,3.34329,4.76983,2.9981,2.37989,0.390528,0.486164,3.79293,5.2451,2.58572,5.48583,0.855242,2.87846,6.28319,6.28319,6.28319,6.28319,6.00465,3.62657,2.70506,4.44985,4.10196,4.09728,6.24213,4.31141,2.31556,1.37155,2.27376,0.949044,0.692212,3.0599,5.80839,3.9692
84.3419,84.5494,85.0657,99.3763,26.0115,40.2494,30.1018,28.9285,31.9538,30.2116,24.5223,36.4748,23.7192,31.7981,40.6002,27.8564,85.2796,99.0362,87.0184,98.188,42.3997,29.9909,63.9204,40.6096,42.4503,33.9318,71.4591,40.5486,43.8943,24.2523,55.9841,44.537,40.6505,26.7968,63.4321,39.8269
26.125,329.828,38.5201,26.125,333.988,40.2494,30.1018,331.072,31.9538,30.2116,335.478,36.4748,23.7192,328.202,40.6002,27.8564,318.424,329.828,61.8339,38.5201,317.6,330.009,63.9204,40.6096,317.55,326.068,71.4591,40.5486,316.106,335.748,55.9841,44.537,319.349,333.203,63.4321,39.8269
95.6581,95.4506,94.9343,99.3763,149.577,148.233,162.207,151.476,142.039,156.684,157.951,141.629,151.362,151.175,151.934,153.309,94.7204,99.0362,92.9816,98.188,136.669,148.247,122.343,140.587,136.123,145.41,119.398,133.487,138.374,147.412,106.775,141.803,139.236,154.558,118.774,144.909
206.125,210.149,141.468,206.125,210.423,148.233,197.793,208.524,142.039,203.316,202.049,141.629,208.638,208.825,151.934,206.691,138.435,210.149,241.822,141.468,136.669,211.753,237.657,140.587,136.123,214.59,240.602,133.487,138.374,212.588,253.225,141.803,139.236,205.442,241.226,144.909
36
1.23273e-07,1.30339e-07,1.49872e-07,1.24885e-07,1.3727e-07,1.53153e-07,1.26153e-07,1.3864e-07,1.55224e-07,1.27246e-07,1.43265e-07,1.55928e-07,1.28424e-07,1.44932e-07,1.59664e-07,1.32473e-07,1.58983e-07,1.31864e-07,2.74243e-07,1.512e-07,1.63418e-07,1.34897e-07,2.74994e-07,1.5732e-07,1.6679e-07,1.35813e-07,2.75847e-07,1.59488e-07,1.71476e-07,1.36912e-07,2.75993e-07,1.6077e-07,1.74969e-07,1.39809e-07,2.81254e-07,1.61759e-07
-99.3646,-114.681,-119.748,-104.173,-125.37,-126.915,-109.397,-126.692,-128.914,-110.451,-131.156,-129.594,-111.589,-132.765,-133.199,-115.496,-141.843,-119.032,-169.21,-123.491,-150.124,-125.958,-173.935,-133.397,-153.377,-126.843,-174.758,-135.49,-157.9,-127.903,-174.899,-136.727,-161.271,-130.699,-179.977,-137.682
0,3.14159,3.14159,3.14159,4.8256,0.359068,2.41976,3.00607,2.22786,3.01141,2.16927,4.05696,3.0837,5.16183,3.36982,2.58965,6.28319,6.28319,6.28319,6.28319,5.77597,5.58814,5.2035,1.90066,5.02221,1.61382,0.778215,4.66004,1.80738,0.726741,5.12872,1.54376,0.436162,3.61283,1.26141,5.29353
83.0109,83.3915,84.2559,101.548,45.6628,49.5615,41.1731,40.5455,43.308,24.1096,39.2173,44.5411,26.9735,49.4702,46.1385,36.2033,84.5861,100.929,86.8646,99.5172,52.5053,33.9279,67.2628,45.5409,49.8775,39.3248,62.3564,47.9462,46.4921,37.4121,67.485,41.8086,49.9264,36.0802,63.3907,50.5127
33.0147,322.393,46.5226,33.0147,314.337,49.5615,41.1731,319.455,43.308,24.1096,320.783,44.5411,26.9735,310.53,46.1385,36.2033,310.39,322.393,67.9944,46.5226,307.495,326.072,67.2628,45.5409,310.122,320.675,62.3564,47.9462,313.508,322.588,67.485,41.8086,310.074,323.92,63.3907,50.5127
96.9891,96.6085,95.7441,101.548,151.216,134.812,142.893,145.526,129.636,146.436,152.22,144.193,151.083,140.268,131.451,148.994,95.4139,100.929,93.1354,99.5172,135.201,146.86,115.333,127.076,136.838,136.115,113.377,138.96,139.447,141.754,105.989,133.209,122.699,139.532,114.672,134.521
213.015,217.584,133.466,213.015,208.784,134.812,217.107,214.474,129.636,213.564,207.78,144.193,208.917,219.732,131.451,211.006,130.401,217.584,247.983,133.466,135.201,213.14,244.667,127.076,136.838,223.885,246.623,138.96,139.447,218.246,254.011,133.209,122.699,220.468,245.328,134.521
36
9.73001e-08,1.06119e-07,1.29353e-07,9.93344e-08,1.06706e-07,1.30904e-07,1.01233e-07,1.08625e-07,1.35136e-07,1.04723e-07,1.21622e-07,1.36084e-07,1.06046e-07,1.21705e-07,1.36401e-07,1.10723e-07,1.39819e-07,1.07987e-07,2.63591e-07,1.3089e-07,1.41339e-07,1.11042e-07,2.65029e-07,1.33565e-07,1.44147e-07,1.15687e-07,2.67558e-07,1.38946e-07,1.48829e-07,1.16664e-07,2.7073e-07,1.44345e-07,1.52243e-07,1.1723e-07,2.75452e-07,1.45732e-07
-97.3095,-117.628,-123.831,-103.35,-122.194,-129.327,-109.183,-124.046,-133.411,-112.551,-136.59,-134.327,-113.828,-136.669,-134.633,-118.342,-151.817,-122.67,-181.488,-127.852,-157.284,-129.619,-186.876,-134.433,-159.994,-134.102,-189.317,-139.626,-164.512,-135.044,-192.378,-144.836,-167.807,-135.591,-196.935,-146.176
0,3.14159,3.14159,3.14159,0.519046,4.98642,0.25632,4.67222,4.91532,1.72958,5.09376,1.70691,5.96594,1.12841,5.88579,3.83482,6.28319,6.28319,6.28319,6.28319,1.90734,2.62949,2.91041,4.30702,6.25706,3.68605,5.6257,3.57895,2.80851,2.4815,2.25005,4.73968,1.00426,4.6093,3.24217,1.69029
81.1318,81.874,83.3409,104.577,57.1477,55.8987,46.9883,44.1161,67.1276,41.5256,48.8194,58.2941,55.8892,40.5368,60.4958,30.5611,83.8414,103.386,86.7377,101.011,60.0473,52.2624,67.7083,59.5065,50.8102,54.2974,71.6798,50.1254,67.9868,51.666,74.2982,57.5583,64.736,51.3752,70.6848,47.7383
43.9042,311.229,57.374,43.9042,302.852,55.8987,46.9883,315.884,67.1276,41.5256,311.181,58.2941,55.8892,319.463,60.4958,30.5611,299.866,311.229,74.7386,57.374,299.953,307.738,67.7083,59.5065,309.19,305.703,71.6798,50.1254,292.013,308.334,74.2982,57.5583,295.264,308.625,70.6848,47.7383
98.8682,98.126,96.6591,104.577,127.327,124.125,139.805,126.605,121.17,134.11,131.044,125.582,136.478,130.417,118.462,133.125,96.1586,103.386,93.2623,101.011,114.077,128.007,101.368,119.629,124.56,132.331,107.831,120.02,127.757,126.725,107.167,124.814,124.959,133.766,100.03,119.121
223.904,228.748,122.615,223.904,232.673,124.125,220.195,233.395,121.17,225.89,228.956,125.582,223.522,229.583,118.462,226.875,119.878,228.748,254.727,122.615,114.077,231.993,258.632,119.629,124.56,227.669,252.169,120.02,127.757,233.275,252.833,124.814,124.959,226.234,259.97,119.121
